2502
1909
2787
2096
2166
618
366
2505
2380
278
1085
1655
2657
3772
1208
2746
2073
586
3296
3363
2345
1299
388
1923
3058
1124
1038
1390
3051
3942
1941
1482
2621
3567
2325
1594
1959
1572
1083
3458
3042
2927
2618
2902
2879
2937
3484
1987
1869
101
3506
698
2007
3529
2476
3668
1353
1417
2084
231
3251
1874
2420
932
2054
2800
3816
2953
3867
524
430
458
2099
2629
3946
407
2457
1641
1382
1865
2116
1937
3207
1711
2296
311
442
2160
2572
2708
1645
956
1799
3034
3163
308
1028
651
3999
2450
404
1045
1194
2549
290
138
687
525
785
3680
731
384
1698
1121
3202
2455
3954
144
3828
1897
3616
2905
847
2017
3212
2483
1870
2990
1915
1526
2783
615
887
1907
2643
2265
1780
3124
1934
1262
1837
3344
510
1564
3244
1483
3240
3623
872
3944
605
3348
2185
780
3660
331
1767
177
3282
1031
1552
1123
3532
766
617
954
2285
1000
972
3157
2411
1646
1903
2703
3219
3472
2757
3297
2205
1170
3326
1268
2842
1508
810
2017
3977
2029
955
423
1642
371
2215
2503
1546
2890
3980
1439
892
3927
3567
1986
1577
447
349
497
2558
241
2930
3736
2692
3692
760
1447
429
1966
3559
747
2538
539
3115
1385
2106
3174
259
2550
668
1663
710
2646
3557
2841
3904
431
1357
662
154
2249
356
3186
3031
1348
2627
2249
3674
278
1276
294
3717
2624
819
2281
2461
3435
2534
307
713
2564
2664
1713
2521
626
2251
3491
2660
1040
3291
520
649
1771
456
1928
1303
2265
3388
2109
1416
1844
1451
3999
3656
3506
2887
1675
275
2850
691
2959
348
549
720
660
3147
743
1235
2025
3422
1369
2903
2600
3568
3052
3503
2247
406
1739
2740
1181
3910
3893
2844
1102
275
502
2924
2709
2451
1762
3012
1678
1889
1037
2200
221
3102
810
2208
734
2323
3133
69
3594
1649
127
2683
770
1370
942
2030
3195
1272
1998
3381
679
1578
3328
3300
3004
1664
638
541
2435
2108
496
2694
2271
2552
142
309
3863
3846
2226
1672
3010
1490
2040
18
1806
1764
2262
3728
397
2082
3506
505
2621
1874
1445
211
307
1309
650
3619
1411
2352
1442
3196
1678
795
3207
921
1768
3100
363
3077
868
598
844
1719
63
1210
2102
3932
1798
1192
982
2861
2309
815
2199
1151
3725
1360
2586
3609
2561
2721
1558
1055
2910
3021
3082
1549
2084
504
2427
1536
2565
3873
1167
2575
936
3104
1828
3223
1306
3118
1901
83
723
356
522
2058
928
2812
1060
3971
146
3860
450
2643
3427
3569
1258
631
3488
351
3319
3709
503
55
3987
3517
3966
2265
1970
1893
2941
3801
3020
2769
538
502
2932
314
2656
997
2777
613
1802
1452
2584
3676
2129
3403
3964
2714
1392
1429
1332
2176
2544
1595
3631
3621
1749
1162
1174
2698
1572
2539
1701
3978
1775
3432
1544
1872
1791
2063
1295
1348
2813
3150
814
3486
2237
3966
1427
443
359
1405
3140
1004
387
851
1908
2123
1664
54
2050
3753
2625
2409
271
3267
838
2303
1690
1779
1874
446
1721
2275
3038
1278
3254
3772
3001
3728
2595
3740
2106
1851
2620
2662
1956
642
3832
3572
2708
770
3179
7
138
1207
3323
1663
50
1374
2493
3174
1454
213
2476
2918
3874
3487
37
2715
2427
3460
3969
2147
2684
3157
2576
338
2887
1132
2831
514
1253
2641
1669
392
722
2874
3712
3170
2472
1386
455
3788
2470
1050
1243
3697
2684
2838
1903
2271
3414
670
481
2835
195
76
3348
2196
1440
2837
2827
3100
1094
2184
452
3664
1517
628
1487
3216
2971
1095
1994
3178
3310
2224
2810
41
3969
3718
2184
2955
1502
1954
725
593
2976
2694
1276
207
388
545
3234
2563
1484
2827
3548
3810
1711
3402
926
1870
3041
888
891
388
3418
1435
1438
3537
3429
1652
36
741
1095
1907
1299
2432
1034
2151
3451
3752
3622
3956
3400
797
3915
733
769
964
749
929
2400
351
1995
1953
2798
2461
222
3295
3131
430
1339
1891
1430
1327
1990
3255
3951
2276
1939
3186
2919
1795
1273
1106
1616
2285
662
3138
1223
2360
2105
1531
682
2183
976
3303
1591
3035
3502
449
547
1858
120
3191
3380
3822
1325
1297
316
3457
2320
2860
3570
1348
2131
639
3694
3287
1602
3263
129
3970
457
2462
2799
1418
3330
238
906
2720
543
2563
2636
3923
752
2838
3345
2150
2898
2757
1582
2940
2421
920
3378
2639
584
2623
343
576
322
1496
325
2184
303
2700
2084
2445
2262
185
347
3921
964
2666
330
69
791
2978
1984
1626
3432
3415
2330
2168
2005
571
2137
3271
842
567
2463
1770
2860
560
3077
1933
3041
1835
3548
1203
1344
3980
3934
850
689
3354
368
826
640
671
1207
2448
2435
3435
2355
3641
1573
1016
1084
1905
3822
3625
1240
2748
3601
3435
2295
3092
2547
3869
971
2593
3699
2060
3687
1510
2650
1047
2706
3416
959
1714
2632
3754
791
3013
3022
1891
2328
1460
3375
113
361
602
2168
1367
1128
3726
2285
3330
855
872
262
217
2756
2205
873
2642
3219
357
421
3746
3498
3838
520
13
344
1002
3486
763
867
2995
902
2699
142
2606
1619
737
1795
189
2780
762
2242
3215
416
3265
3910
3490
2618
635
784
3913
3068
3932
2835
616
3819
2812
3035
924
2263
3684
634
3832
2805
1122
3793
2793
1467
3965
2551
2427
3288
1762
1865
1877
1678
3612
2574
1088
2060
1986
294
1349
2188
3275
14
3091
2565
2493
1747
2080
910
3426
1841
3367
3728
2812
3622
3600
743
111
1496
3085
821
3388
799
3808
2723
1231
2672
2682
2932
3854
1351
2238
1096
2514
145
484
3402
2962
2931
2042
1398
3546
2875
2757
2475
3227
1
1989
3080
1851
2969
1334
2951
3693
119
2771
2803
2652
2815
1621
1575
386
1929
2297
100
3893
2830
2719
3918
928
3889
3534
900
3215
2637
1622
1594
739
1334
429
1332
3046
1678
1211
834
2873
3016
3249
563
553
2097
1204
183
3137
1279
3992
1781
2040
2457
3687
1989
203
1121
2465
2027
2661
250
3037
2288
2042
250
1421
447
3795
3117
2303
377
292
419
64
2166
1690
855
540
3737
688
3869
1504
750
416
840
3745
3586
1014
629
821
3423
1056
2167
990
2979
2722
800
1863
444
3623
3368
231
2562
3537
2909
3523
2448
2193
1544
3184
3457
3282
3703
3958
2531
2928
3597
112
411
2150
1762
591
1461
2085
1592
3902
357
3777
347
737
3775
36
2388
1943
1551
3110
715
1694
3030
276
3382
3221
515
3725
130
540
809
3948
892
3928
1762
2464
1597
788
3936
183
3888
2017
2091
2584
2113
2749
3613
272
2788
2930
182
3141
3167
1749
1692
2054
2517
2255
882
483
1680
1304
3316
2073
1675
735
3757
2502
505
2438
981
1402
3124
2154
3914
526
1702
1761
1577
303
3149
668
3017
1746
2959
1004
1877
1964
571
3840
68
569
343
908
215
3226
1803
3142
3374
92
3562
3498
2567
3539
1080
3390
468
2246
988
175
151
3491
1667
794
3837
3411
2446
2215
405
1704
3162
3407
1228
3923
2218
2526
2886
3283
3443
691
1850
872
1252
2213
3466
997
2671
3392
2782
835
3640
3053
3484
3570
1146
1039
3750
650
3568
810
497
128
807
1982
3517
53
1661
3857
2965
3912
3285
1194
1605
1356
2715
2265
3027
3508
3502
2389
3964
1738
2351
1246
3468
927
1509
2144
1624
3005
2058
601
3228
600
1333
2577
3820
3458
164
1544
1561
1342
2150
1615
3811
1901
3363
3212
533
3236
1001
3680
1410
1279
3348
3493
3609
2606
1880
3345
2663
1069
206
1912
2186
2354
2201
1678
3310
1792
148
3817
1894
120
2490
1732
3144
1967
913
352
2437
1498
3443
2246
2883
486
2619
360
537
452
2665
1189
3783
449
2738
3947
208
628
1511
2678
789
3153
1119
3063
463
2266
2308
2640
2824
3861
2487
2107
2582
2809
449
1898
3573
2498
2360
3018
2592
260
842
2817
3244
508
72
3222
3073
2785
914
2543
3574
1530
2043
1685
3528
1417
3353
3893
2710
901
3083
1664
1244
197
1607
1713
906
3256
3359
1518
2049
2130
1135
2920
1674
225
2214
2237
3410
1566
1103
1245
3749
670
1851
2601
2822
2952
1132
215
2056
3233
640
1074
460
3139
88
2879
3288
2252
3621
26
80
3123
3470
927
52
2965
3807
1860
3190
3981
2962
3939
3254
3395
1331
2550
2684
3579
3666
27
2480
1486
1642
3383
3929
278
2985
599
1521
3266
92
1073
2754
521
2521
457
1440
348
40
303
2561
2036
3534
2054
2813
3691
567
2624
2206
3142
3487
3876
1604
1487
2622
2962
3096
898
1934
989
1227
1277
3098
1239
10
346
1092
3947
1312
1273
3955
3811
2568
2038
3416
2985
2989
2011
2587
1035
3969
2478
3303
1880
2198
1642
1486
3302
1212
3883
3866
3862
1944
547
3890
2800
381
1418
293
8
2697
2162
3798
3234
2431
1144
2019
3889
2268
182
1268
3803
2136
1014
3389
2584
347
3841
1456
3833
3578
3542
3234
1798
1453
3926
3128
3040
2094
2779
3534
1253
399
1993
3043
433
2488
381
3333
3841
2077
1634
2260
1555
3032
2306
758
3082
3720
3737
3415
654
1413
806
2586
272
670
987
832
1291
2161
1971
275
741
1894
1155
1296
1044
3465
2665
2128
2686
2243
3585
3249
2617
2836
2615
3237
786
15
1974
1687
3017
2257
703
149
1016
1535
789
1150
1748
443
309
3114
2413
3906
740
1872
944
3398
3648
1368
2603
3523
792
3806
784
4000
1880
3199
915
3301
3708
1764
2190
243
1445
360
1028
515
2410
2247
1793
2623
2310
3685
2624
2007
1519
1655
967
3586
1799
1138
2477
2674
1963
463
2332
1489
2569
88
3410
3453
3438
754
1121
62
3549
2214
2453
3936
2108
3822
1494
530
3177
1432
3427
3545
3849
1178
1919
1745
2369
2290
2408
1186
3134
3032
193
2555
2446
836
274
909
3441
949
3782
2342
1514
1861
946
105
1552
1638
373
3239
3490
1784
2714
3484
2551
3083
2650
648
3538
3020
2303
2088
3956
2254
3939
3056
44
2006
3160
2632
1257
2
609
3072
1297
3254
2780
3601
1738
3685
2659
818
789
249
232
499
1530
928
2078
3610
3966
531
3446
1944
1650
2819
583
838
3814
3842
3847
449
3610
2572
1622
192
820
1168
1850
1678
1965
2047
3684
744
3526
2511
2225
3764
2681
2380
2861
60
3242
3964
3090
3750
3164
301
3311
1649
2336
2974
740
3086
3976
3879
1993
3064
3449
3909
2253
1042
1567
1702
2876
3068
506
2445
410
1393
758
2275
3021
416
2905
1946
247
3013
406
3935
1152
1060
3390
2204
18
3489
3990
135
350
3230
2499
2986
636
50
2114
3151
2255
611
3988
1896
1351
640
1943
537
2624
829
2480
2947
2984
971
2275
717
446
3283
1957
3312
214
3631
3913
2880
1177
1798
3191
2835
1065
226
2011
2799
1409
3792
2041
3316
283
2227
2142
1026
300
1445
689
1416
2922
2411
3177
3467
557
2227
2968
3056
3923
717
2469
1382
2430
1187
215
3603
2840
598
2157
3865
87
3191
2795
164
1691
63
47
2419
339
2892
482
32
2400
2616
2218
3278
914
3671
1691
2062
814
1453
2446
1166
529
2441
2986
2942
1774
1250
2718
225
3507
3917
1360
2413
1034
1816
1808
958
2459
2662
2662
1373
271
2216
1355
392
3695
3220
403
3871
11
3844
3783
3434
2454
3725
1681
42
174
3802
112
2907
1754
3717
1932
34
2061
274
1507
1593
1799
40
866
3700
2586
1517
1519
1935
681
2557
2915
1334
717
582
2197
2032
1105
1442
1905
1833
3005
754
3720
571
1073
180
2209
2072
1031
1793
333
279
2042
1766
536
1816
1446
28
1820
3958
805
2054
2575
1512
3032
775
2460
1299
1287
1597
623
144
1567
3998
3626
1109
1594
3565
2773
1347
1341
2137
3186
76
3130
3538
3502
1086
3094
873
1524
2577
2565
2980
3772
3112
1137
2458
2272
2407
2490
17
3758
210
887
1009
2074
3358
1786
1668
3947
2615
2130
1037
2102
1708
1514
3779
776
3834
1935
2760
3612
2836
910
2186
428
2892
188
3797
3973
2593
655
1170
1779
1188
1578
3393
2555
40
3222
782
1384
487
107
2739
1116
1451
1582
1354
360
3840
3572
2957
2040
2419
997
972
2373
486
2172
938
3790
2387
490
2549
833
1082
1275
1216
2834
2825
304
927
1486
1159
2059
1150
3466
766
3978
3325
948
3683
3402
396
3627
3682
1452
2079
3627
2666
3125
2927
1856
115
656
2701
3388
264
2670
1699
2563
3316
1838
3881
3555
1773
3415
3201
1058
2680
3810
1360
3663
2423
2356
2393
730
3830
3945
3927
96
270
13
3734
2239
2259
2211
2607
904
1761
1832
1823
818
2046
850
2082
3658
651
659
593
2280
2028
3033
406
2526
2130
2199
1127
522
1058
1310
3911
2954
900
965
1460
2095
1097
2281
334
1065
249
2285
3622
3522
1753
1090
3134
2984
2230
1441
1506
3490
1392
2965
1443
3907
2150
87
2572
124
1658
2801
2595
2604
3008
132
190
2131
680
2276
2814
100
2886
1856
3533
3865
186
2592
1424
2976
385
2088
105
3538
1592
2969
3435
2116
1767
1975
2586
1527
3922
3205
2495
3147
695
235
2310
656
3013
2042
3956
2716
3418
3046
3720
3641
2262
1682
3596
2838
1985
554
2840
2109
2582
2217
1123
1029
715
2235
871
2590
1470
1533
2928
2377
2237
2209
1249
586
2354
1613
2339
1846
841
2051
2858
2311
1856
1467
1351
526
2026
2188
2659
2023
799
1385
255
2440
772
1416
805
532
1618
895
522
524
3334
1959
323
3813
2532
1027
672
2933
297
3417
1961
390
716
2878
1876
3405
3919
1777
3776
532
3368
2717
3250
2707
1703
2434
1833
3870
2819
398
3072
3800
3845
2436
1055
3109
2384
3262
350
1436
2956
3119
952
1372
1838
3265
1127
1558
1253
509
1410
3528
3940
1674
1936
1033
1095
3980
1863
3072
1603
2349
6
1647
3727
3418
1739
1389
3977
996
1426
1490
2982
3623
3818
3755
1722
3527
629
2189
2944
3573
3261
1318
2567
594
3086
2767
1945
3179
915
829
1192
2914
1969
2327
567
3789
2394
1698
2243
2392
271
3512
1261
1957
981
312
2501
1044
1714
1494
1139
3261
3716
1331
741
3706
1375
807
2160
3106
2433
2235
901
1584
2292
1363
3379
2114
447
1960
338
2909
1353
1812
883
1774
1995
2630
2721
2443
209
1974
2419
2008
3917
2611
1522
742
2423
1783
2498
3798
197
924
2862
1403
771
2344
1876
637
2224
451
3242
1465
3412
3625
1292
3590
545
3835
3876
2034
1286
1104
1492
3755
2314
2185
1890
3194
2571
2466
3009
234
3955
1829
2360
2951
3091
696
721
65
1503
1686
3904
2959
1990
2940
2318
432
1292
2009
2529
1612
2277
2856
2313
889
3792
2875
1962
3291
2606
2125
289
3459
1598
1305
661
1783
3031
3689
1244
594
833
3143
3623
2434
3760
3311
3786
368
3710
3429
1132
2525
1891
579
999
583
2228
971
765
203
2581
2299
280
1028
1948
1406
3227
689
900
3774
842
3829
618
2872
3218
216
2280
1928
1623
2795
3916
1795
2201
2281
1044
3428
386
1401
1608
3710
3598
975
467
2384
1751
1778
3359
1878
1949
3288
2637
2268
206
366
2606
1710
2199
2900
2721
2538
1063
3493
1706
1399
124
1652
202
2991
397
2833
1
2264
1715
331
3549
2768
1237
2032
2717
3014
1935
3856
326
3782
1053
736
1505
3084
361
378
1072
3994
2575
1441
3467
164
2922
2562
2940
2985
285
1590
1618
2524
2400
1668
2470
1536
2404
2595
1896
3282
3269
2141
3716
3936
2507
3664
2999
2008
1981
3310
2088
123
1379
2980
549
2512
2454
1047
3291
436
1382
2442
2193
3759
1383
1756
1666
3779
2169
3311
2133
1694
1203
2051
3867
3118
1740
385
1188
1428
549
756
2654
625
1078
1745
3723
2557
2579
3479
733
182
1499
657
689
3061
2237
1689
3526
605
3368
759
344
3309
141
38
861
2229
339
3576
2779
357
3991
1648
2373
1184
1245
2413
3696
2319
2487
1510
2262
3315
657
2992
1734
3314
1399
1885
325
3090
292
1279
517
3940
296
1355
2112
824
1748
3288
818
302
2885
3494
2609
2957
2059
1979
3850
3564
2421
1448
3736
2477
572
1675
3683
2954
3816
398
2611
3591
2306
1132
3888
3175
3191
1652
856
891
197
2310
2235
2293
709
570
3831
3035
310
736
3947
3926
1538
1185
90
3466
1487
485
3294
1952
3524
2222
69
2463
1269
578
301
250
2541
3046
760
3619
1176
3365
1868
444
3786
3568
2698
3118
335
2431
3016
1746
976
2614
685
1197
1343
2050
3305
3482
2495
1091
2703
607
2578
1092
1295
1408
2817
2341
2964
2610
2466
1498
3831
2120
2665
1452
2622
3274
2445
477
1685
1188
3413
297
1543
1755
991
2312
409
3673
1933
1903
163
1897
1293
2615
2732
3295
1284
1013
3233
1390
3766
648
2417
2397
852
3346
3720
3316
2626
509
1318
1936
420
1983
828
3510
580
1720
3426
1188
2211
3416
1976
1443
602
1470
2551
1241
3147
3835
594
539
2281
1652
1294
1599
3808
3110
3772
1743
1859
68
3087
1306
3121
3260
2143
2788
2690
2200
3384
638
3475
3681
959
2544
1836
1373
1955
1235
2411
889
924
2875
3983
898
3522
3601
3170
1708
3980
415
2595
2742
2436
2341
3024
2405
3332
3784
45
844
399
170
2899
333
270
2421
1528
1818
1029
3728
3126
2356
2354
3092
347
1941
449
2969
1229
1321
2095
3145
247
2838
3001
438
3541
540
3199
1735
1624
1719
3643
3501
1782
1986
2456
532
1201
2134
1297
886
3778
1041
936
3561
2178
3889
735
633
2773
2431
2326
2256
2803
2760
1218
2321
3700
2822
2790
804
3352
62
1744
2219
3760
3523
1650
1779
76
2584
252
615
3106
2130
595
2943
3384
635
2128
1813
1998
1715
631
824
491
913
978
2233
3010
584
714
2403
2368
1989
1346
72
405
2740
3791
2646
1693
993
824
392
138
1180
2150
2489
2544
1911
1128
1651
2892
3721
1382
2533
1106
1717
1567
2260
3921
1668
1505
3528
805
1422
1508
1287
3450
3704
452
2463
3095
1496
1178
221
1646
148
3349
2811
1247
2600
826
1909
2116
1126
2805
1212
2332
1687
923
2916
2167
2912
3774
3992
2331
416
1324
173
2993
1237
1156
3028
1103
3871
3797
3977
2755
1884
1845
2089
2104
3411
3452
1632
2760
2892
2171
3520
3487
1148
2907
1870
2439
2814
1526
726
790
3517
2668
2750
1520
3982
3075
280
921
858
1247
1298
2043
3738
1178
3111
1425
1563
1440
856
1774
3008
681
3189
141
1543
2004
3285
3958
2820
3740
1350
2185
585
2521
3070
714
839
1334
1040
1001
3854
2411
794
2380
1616
1591
2458
1788
3076
2395
289
41
71
3765
2656
987
2269
1432
3295
86
1620
2052
3149
1128
1769
2312
401
787
1636
1041
158
946
575
684
1926
1897
452
1504
2982
1165
3188
97
1566
237
3907
3539
1892
1820
1441
476
334
3004
1588
2115
141
2505
1761
3051
2266
3199
2569
2630
2376
744
624
1368
3737
1638
3833
2985
2669
1945
3660
3046
2069
2638
2234
790
3685
709
3608
852
1479
3965
1062
1645
2157
1246
212
1271
2238
1538
1530
1419
3186
3969
1509
1473
249
407
274
3175
2805
500
819
3774
1960
2817
3406
1714
359
394
1285
2067
1070
1900
3472
852
3630
1916
2950
864
1345
3441
443
3636
862
3247
1027
2140
3880
3121
3829
1134
161
306
3179
1085
603
3768
3557
1947
1647
3870
1421
527
2855
1373
2069
2159
309
758
540
2073
3527
3838
3248
1012
1394
3590
3982
542
3307
934
1221
273
1653
2662
2968
3895
980
3689
1473
2054
2112
3094
2515
2331
3957
3236
3385
1103
3079
3905
3290
632
947
1375
893
3039
337
2460
3977
729
3814
2412
965
804
1045
965
3967
832
1589
3239
2216
3239
3614
2630
3964
874
829
2517
63
778
3816
753
3715
1808
523
2855
2918
2249
864
2627
2361
450
2428
3062
2427
956
3750
2467
995
1419
2116
2694
125
3473
622
417
2059
3442
2915
1125
301
3699
2010
793
284
3188
2193
2730
1456
3752
2625
1071
609
2797
147
2136
746
76
2859
403
3945
2446
1059
3994
2563
1720
1971
2428
3973
3781
651
1670
774
3071
2595
910
1192
2490
1706
988
765
1901
3738
438
1734
1101
1645
1926
3574
2984
3977
906
2773
379
1590
919
704
2577
3473
2443
1102
3192
2585
1518
174
673
3014
3780
2252
3636
1017
3250
2834
1358
654
2410
2539
1496
431
2676
3811
1733
2339
2171
1258
3912
675
3570
2455
3951
1324
1473
3465
544
1072
656
713
1550
1959
2254
3403
3512
2276
318
3571
798
2562
2111
1973
1665
1021
3159
148
150
1212
1467
3724
2439
2060
29
3020
1158
2249
3251
3098
3855
853
32
3162
2265
3947
3681
2506
1912
3885
2774
1061
658
1785
1962
903
2427
3482
993
2191
2384
2811
1918
3712
1357
1590
814
1602
3467
555
1012
39
3994
1740
3122
3399
3606
1205
2801
3756
1481
1561
3725
1002
3421
1655
3967
3526
1756
427
744
1751
1862
2369
1495
1482
1550
1925
24
799
946
2870
2234
3889
3700
1945
1850
1075
3674
1865
2801
1622
3423
3595
3767
3975
2995
1568
2162
2549
3158
1428
2111
3184
972
2740
604
2893
1566
861
1519
2726
813
1902
2999
1502
1075
1279
1613
1314
3896
1707
2838
1643
142
3337
1640
1537
3689
3033
1974
3065
478
345
1786
2718
3863
503
1278
3694
337
1313
1447
1947
210
2008
1983
1074
42
419
2782
1720
837
3744
3955
2384
841
3413
1684
26
3923
549
1024
1142
137
2910
1517
3781
2427
590
1108
1072
474
534
2261
1026
2837
247
1479
3408
333
3561
2016
409
340
3339
638
1321
390
468
1104
3671
131
2664
1668
750
489
2630
1485
713
1290
2078
3344
504
3631
2048
3563
3231
3049
3600
259
2301
2223
437
1225
3818
3001
3888
1353
2937
2456
458
2382
2461
3760
2086
2869
3176
3091
950
2124
2958
698
1546
1863
2793
1155
835
2911
918
194
1317
3143
92
421
2667
3756
1773
2089
148
1672
1924
722
699
3748
2382
3851
3748
744
1350
1562
3730
2080
1881
3103
2198
3372
2536
1033
1218
1092
363
2869
380
2630
2226
1892
1934
2110
935
3031
122
496
2607
138
714
3845
1008
2730
1093
2320
2317
1876
1630
2844
2636
3884
551
3636
2776
1783
3779
654
2274
117
440
3829
738
3422
2275
1713
1372
408
1894
3445
2398
1426
60
1157
390
2464
1262
2210
3680
1076
3870
3412
3148
2837
1344
3315
3198
1567
3080
1265
2751
439
1278
2151
2865
1704
2062
3035
2576
159
2780
1003
3124
1631
2133
1881
595
3938
385
2258
2531
237
2133
668
3197
3791
3557
1692
157
1206
182
3618
2982
3502
3632
3601
3299
822
2099
1999
1543
352
257
2885
3222
1445
601
3251
2205
2595
4
2100
604
2101
904
2633
260
45
1242
2372
3194
3120
3984
979
571
1902
2069
1479
1435
1884
3541
33
1830
3760
24
3864
967
3993
524
1321
2150
1144
3130
699
2252
2942
2299
2125
1219
1828
3684
2751
1977
3681
2396
3770
771
2444
526
733
2973
302
3801
3941
911
3938
3141
3351
812
2508
209
3949
3572
3988
2376
444
537
1470
625
1886
1663
1927
965
3104
2301
573
2460
3434
3936
3003
3648
3430
2286
2752
1219
3183
39
2635
301
1847
168
1589
3533
2133
202
2507
784
1514
1095
2311
3792
238
3516
1802
996
1564
298
2264
3605
2967
183
207
2928
2007
1362
2597
663
3795
2995
2238
115
3500
1184
3111
516
1492
1580
178
3192
3514
3737
1582
3738
2899
255
2
2274
2119
2053
358
2667
405
3084
573
513
2563
3756
3347
1305
1606
981
1904
539
234
1079
182
1306
2558
3741
3836
68
3136
436
3175
3476
1697
2346
1282
1189
2516
2354
3834
2977
1432
1284
2233
2168
1823
768
2461
3212
1850
1011
371
1833
2820
2770
117
658
2280
387
2078
3638
3919
1628
1350
3394
1546
1795
3807
3760
3768
404
1226
413
2708
3137
2934
1208
3327
1331
3190
693
3493
3951
3166
2434
687
2996
2746
3345
3748
2465
2859
2612
3804
3956
639
3815
3043
684
2571
3431
263
1360
2440
2433
3390
104
1576
1701
918
2473
2291
472
3962
303
1186
9
318
3906
1975
891
1960
2107
1527
1313
2075
3744
3590
937
3553
939
1149
3791
660
2473
3466
1618
1353
2110
260
867
2649
2085
488
2137
3629
1173
3925
1410
1574
512
2914
2996
3911
757
3351
3874
1503
1093
1102
2666
23
3842
2599
2987
2804
3779
1666
3731
2793
3173
445
1110
3164
620
1034
3420
3187
3911
3723
2065
1531
1233
3085
2880
501
2707
3294
3897
125
2758
1325
2319
889
311
221
1887
3066
2084
2309
2858
2770
3139
3751
2307
722
3553
1259
2340
3710
1063
1815
2843
2608
2553
493
3426
2886
3993
1825
2956
2921
1416
3605
1851
2651
2924
307
527
60
557
1447
953
2296
2842
2519
2893
2000
1257
3871
2646
2436
347
3661
1763
794
2653
3894
3487
3694
1419
211
3487
3831
3247
60
372
1649
1767
1791
1248
779
3749
2268
1413
1551
1968
2176
2041
1066
3047
3356
246
1816
2406
1250
1198
3341
3265
2620
1339
3874
813
1480
2644
2618
606
3028
892
3919
2379
2130
2229
414
910
856
818
1516
1287
3607
42
1651
1696
1653
455
2286
3115
1961
2846
317
2504
3091
1594
2516
1411
2645
3025
422
2074
3314
2936
618
1051
1378
3250
935
620
15
931
802
2405
3919
3076
2080
3063
2942
2127
666
3792
535
3257
1277
3574
398
2431
666
3953
3534
697
1809
3590
202
1996
2100
2813
2850
3964
59
3140
852
1694
3716
364
732
3595
1253
1137
3818
1648
3216
2776
2303
3490
3681
1041
3171
2064
2343
2427
2757
1169
1261
1798
16
3772
2627
3124
679
2742
2638
3001
893
3653
1640
1282
2643
2627
341
1362
1871
175
1028
1382
2581
3550
1599
2842
3397
2927
3311
3877
528
763
1710
1056
3640
907
2442
484
196
868
2067
848
3484
3037
354
2378
3079
1809
3429
1853
2239
1680
1835
288
1326
3664
745
3544
807
2624
2246
3635
3555
541
2569
3829
2806
3806
349
3345
269
2122
3071
3181
679
490
3492
1383
1869
280
3273
3958
3631
1878
984
3113
893
2460
755
12
3294
3913
3169
842
2193
1850
146
3116
1470
3833
369
3582
3287
1357
1317
3923
1520
2223
771
2463
2200
3069
1300
226
2675
1383
2591
3845
2710
1510
1907
3165
3295
1420
274
684
270
1719
1565
2950
3715
2816
2424
977
2741
3760
1594
3654
3212
3889
3764
3637
2109
3522
379
677
1024
2085
3860
3576
1166
1011
1659
2380
3260
943
751
1758
3983
3415
2717
586
2043
3766
3816
845
700
2167
3282
3979
176
2868
2442
3885
783
2637
882
2818
3495
949
1931
3206
1945
2885
2943
2208
394
2772
3979
3077
3943
3070
3015
762
1592
256
1076
2198
1695
2598
2273
1542
334
2684
1849
106
3618
3489
2924
2557
863
2202
1432
2867
3689
3619
3796
219
477
2655
602
675
1354
3952
1935
2586
3344
1826
2960
1424
2035
2306
3834
3418
2811
1133
373
946
331
451
2270
988
3195
826
432
483
3765
2862
1102
3265
1897
790
2576
3517
2861
3858
2248
975
2549
416
3824
3775
1642
750
849
396
42
426
2738
2472
765
1974
2747
1344
783
1495
2277
474
174
588
609
2775
3586
795
3905
1816
1891
3559
1159
2236
2012
3518
2024
3911
859
3215
3612
447
593
3513
2117
2352
1164
286
217
2671
3054
822
1837
412
2858
1440
3648
2912
699
3315
1186
1942
2785
1907
127
3974
3321
3423
1868
2252
1879
871
2509
1272
3203
1115
3200
142
493
287
3530
365
814
3995
91
2061
1629
2094
3072
2369
3498
3362
3302
2941
3290
2106
2022
3729
96
2249
2481
3090
2453
3132
2489
2906
19
1079
3929
998
2867
2430
1378
830
481
2473
2659
1073
3481
2875
245
670
3489
3820
224
2447
1859
3233
1645
1344
485
3517
3274
3102
1510
338
1971
2474
2935
304
3459
1148
3923
1854
2262
3492
3069
1030
2682
2828
1013
3561
3602
3162
3254
3156
614
3858
1775
3627
427
663
1436
2
330
786
3168
843
1872
171
993
1929
1970
1268
2816
3971
2938
1158
3028
436
1746
2818
1986
1919
972
2170
3995
3999
171
200
2546
1533
370
956
3992
2939
935
787
1494
1037
2020
450
2790
2407
1306
2546
47
1841
802
1254
443
664
705
120
3638
3358
758
1185
3013
49
3492
3255
3553
3257
3095
2480
239
1035
1237
3141
2461
219
3458
210
3227
3118
2159
3130
3859
2349
161
712
3430
1269
2650
2224
3205
972
2182
403
1257
1966
2083
1729
3183
1637
3213
1913
563
3671
3238
3980
904
3481
831
3360
3026
1282
1254
3729
1984
3226
1516
209
2121
3345
1424
2959
2946
3404
2381
2230
1497
3706
1662
2092
2353
2852
1258
3323
2458
131
2575
589
3020
3084
783
3440
3904
2822
1201
2425
203
1820
3894
2980
2392
654
3130
602
1505
1794
3394
3659
234
1016
2184
1531
3034
827
3999
1465
1398
915
2437
266
2332
1015
1029
2149
2137
3007
1766
759
2375
2360
2548
3942
3751
2577
1737
2835
2839
2099
3767
761
3631
2381
1396
1906
1406
3404
1507
408
316
362
2747
3304
268
638
2614
1827
145
2449
152
431
681
1777
3354
3739
41
1054
1938
1663
407
1889
1569
481
1310
1885
312
1364
3314
3165
2760
2235
3040
2189
1605
1772
433
3397
2486
1231
475
288
3643
3749
2404
1803
2459
3910
3828
633
3050
1059
821
2994
3923
1866
3338
3468
2536
3079
809
1778
3427
1895
2326
576
695
3352
1726
3089
88
2221
3789
2032
2084
3870
1868
2442
396
2411
1242
2053
2851
2561
2406
3338
3938
1654
3431
3453
1878
686
3480
1933
1831
3903
1970
39
133
2994
1512
3653
145
1152
2553
2820
3429
1020
2902
1363
3553
16
401
103
2483
671
1917
1195
2978
3049
296
3413
1240
3565
2386
3060
3913
1544
2344
38
100
316
1986
3013
405
109
853
3105
1716
164
3061
2665
3182
2230
3691
899
3981
3135
3119
1947
3751
872
3426
3064
1536
584
2667
3786
2621
2150
236
2720
2150
3772
480
1014
1111
3095
723
107
1156
411
2366
2512
2342
3875
1277
2493
517
1735
3983
1374
3908
3766
3498
3146
3428
35
1464
2068
3574
3708
594
570
2369
1972
3191
347
2252
995
2728
2278
3016
451
1924
141
1213
1531
2235
3960
2576
1017
2930
374
1166
2200
274
2223
2967
2977
2860
2420
233
2734
2925
2264
200
1066
2970
3352
2183
2548
2473
1301
3094
1154
1179
195
457
513
441
1242
128
2011
746
3177
472
2578
3247
874
2061
1480
3676
1520
746
3457
1363
542
1007
1984
1598
2033
3326
2575
2408
285
546
2074
696
1974
2588
794
2795
1445
3563
3759
2254
3098
3991
679
245
1920
1083
2971
859
3852
1356
3801
1974
751
2186
572
822
3595
2531
3863
2522
2658
2622
3825
1102
714
234
265
901
1437
3204
2075
1647
1069
3711
2971
3832
3221
51
2430
1149
426
3492
3513
3499
2480
1134
513
1526
137
1930
1233
1971
2792
3936
2473
1906
3428
1097
1299
379
2088
1471
1762
1124
1607
995
2195
2156
2861
3979
3990
3863
1552
710
2725
3111
3141
877
1970
3667
2575
3752
2688
294
2739
2330
2632
23
1479
1099
892
1281
3368
3152
3815
702
3083
1112
2931
2405
1611
1717
485
3132
1025
3909
2083
3228
3122
2269
3029
2688
962
1617
1449
1929
102
2818
1040
2514
2071
1060
807
2250
643
3851
2928
3219
605
3762
2622
118
1428
3559
3952
1025
610
2518
3764
3839
3483
3025
3309
594
3141
1209
239
2191
1094
587
135
1269
2009
1322
1656
2028
1819
1604
3136
2518
258
932
3289
3477
1580
3284
1595
121
757
653
1022
3523
259
1789
3806
1724
3452
2611
471
1131
2007
3369
1648
3447
3888
3311
980
2937
2388
2320
2715
572
1724
643
1159
1076
3863
721
3178
505
3744
2077
261
1502
2863
3989
1836
2610
363
2132
2373
883
349
2769
3471
1129
800
1639
3262
3942
628
738
869
984
2033
483
173
3273
3929
3696
1537
2195
3622
603
2796
3107
1667
2125
794
1001
1911
2735
2140
2393
1212
3765
3623
3809
1709
1384
892
871
445
2510
961
2239
2501
1975
3054
3142
2869
2151
1445
3198
2476
3995
1528
3206
35
3738
206
20
419
1369
3328
3058
3895
3179
894
2803
860
3780
111
560
3924
2504
1653
164
218
980
1775
2048
1264
2696
664
2731
3381
3440
1869
2586
1426
1454
3051
328
3155
3846
438
1874
1651
550
1399
1650
1392
1679
2621
2869
221
580
2820
2011
2614
558
1715
491
2318
2633
415
913
133
47
877
2645
1654
2943
789
1176
492
266
2274
301
2612
1274
182
338
749
3902
2762
2506
1212
3830
3730
345
92
3064
3327
3675
275
1117
1791
2561
384
1612
3839
329
913
2368
3792
2873
1297
344
551
535
2557
2619
2367
3752
3831
645
3641
2947
1140
51
355
3377
2097
455
2199
3172
1219
728
1818
273
139
538
3621
3499
1319
1157
992
3325
3366
2340
1578
1956
2740
701
1237
2407
2995
1656
2959
2644
2667
1325
2939
280
312
1359
3102
730
1153
1839
885
2452
2249
142
899
783
2110
3682
3177
1403
2607
132
3182
1928
1787
3764
1054
1411
612
1002
2831
976
2563
1786
3998
1
3285
2243
312
2992
2706
2196
3701
127
1438
571
1982
3497
1400
3788
3151
132
2097
586
472
2422
311
2645
2077
2065
1903
848
30
3309
3456
3597
688
3296
780
2872
2154
1308
282
3197
2076
3557
3918
3830
1850
3821
1019
693
2006
3439
2351
843
2379
3940
2764
1779
2102
3813
790
1341
95
29
744
2298
3382
2858
3905
1985
2168
2801
2781
2909
1840
1275
126
2995
1626
3631
489
691
35
3757
301
730
3148
3364
1661
449
1965
3057
1087
1511
1623
342
1917
3190
2482
1714
1081
788
1797
2530
1950
1416
2867
2900
1105
1126
3138
3587
2438
2457
1976
1556
1711
3788
2494
2412
1391
1174
3910
684
3181
1695
201
1098
228
2963
2153
3245
2967
1954
757
676
2178
1394
2411
292
3180
3554
2039
637
2104
27
794
2199
3834
949
1062
366
1927
1027
517
1511
1925
1212
986
2734
3233
2727
3711
2190
3232
1634
2573
236
1805
3599
2619
1408
1585
2204
2237
3312
1313
1869
493
1067
1745
2600
71
2943
1414
2813
1551
3384
3210
1200
1517
1078
1688
1093
2744
681
502
134
3089
1260
579
2515
1926
2139
2022
2247
3127
146
3974
675
405
3907
2552
2362
38
2963
3731
3417
2662
1491
1152
592
1287
3190
1548
672
1305
1139
2879
1251
3204
1017
2983
3283
1586
3337
3406
1016
970
3989
1227
1362
2167
1556
244
2303
3687
3742
3505
105
2127
3498
2667
431
3788
3906
1027
1679
3364
2559
3391
173
235
1767
2303
2658
3489
159
782
1955
2937
2639
3860
621
2389
3185
2984
1866
1453
1588
3267
963
3566
2387
1839
1090
959
1006
2527
3299
2398
130
1176
1431
2441
682
909
2900
3577
2609
360
252
3657
2770
2980
679
2388
270
1752
3888
2364
2313
3502
3866
2567
3394
497
3709
228
13
1509
2993
3532
2351
3984
3541
3587
1973
1046
2877
1149
2866
2978
86
669
2419
768
2134
2425
32
2857
1509
3865
17
1045
2402
1183
1002
1172
2772
3840
1397
1176
270
2160
667
618
1469
2076
3166
3133
561
1873
2518
3424
1446
2266
1702
2316
1582
1350
2298
1661
3452
776
3776
2270
2575
1272
639
3325
2554
887
1400
2334
1804
3600
3896
1643
833
2489
3224
3400
1796
569
465
1604
3263
3171
3391
1548
3745
2657
1137
3834
2442
2028
489
3211
3510
1239
1590
2543
2468
108
2796
2937
2433
1582
1405
1685
2870
29
822
313
1291
3352
3544
2996
3766
1789
3954
1156
1796
1452
376
2404
1059
1354
2914
1762
2473
1857
386
2062
3461
2916
803
238
800
3759
1787
942
1743
1261
3886
3765
344
1428
3359
3283
799
588
3154
3927
2892
2669
3075
2333
122
2341
1981
2116
2366
1016
2584
2910
2130
1186
1522
1440
989
536
169
2745
481
589
3858
576
2689
3536
889
870
2413
1459
3541
1610
3308
198
2887
1963
644
2498
3247
2808
1640
737
1963
1667
479
106
2701
245
3277
204
1016
2331
1376
2304
183
637
1529
1104
954
2639
21
566
1070
929
3608
1373
3831
3377
2549
2980
3500
3105
2587
3809
112
1314
447
3202
200
3311
1698
3982
1342
2391
1024
2506
1041
2674
3988
1592
2807
1940
875
1114
208
800
3076
724
552
2708
2592
624
1736
2658
3211
2106
1433
2526
3623
1579
3959
3443
498
2436
2350
3217
2164
2352
3124
3457
295
3244
1283
2169
2754
3843
3472
2794
516
2513
1581
1590
3770
1641
887
2912
3597
178
189
1116
1131
428
494
101
2576
1904
3005
3053
2640
1174
372
175
1188
848
1618
1056
1039
724
387
3172
204
1815
3546
3261
2038
1140
2029
479
1747
1931
365
383
3518
551
1601
2857
2448
664
2398
2096
106
2463
1157
1312
417
1384
3641
1135
3878
2161
3451
3218
689
969
2980
1581
3465
84
3582
3682
3795
2699
767
1035
245
800
2403
1730
1926
2399
1094
2461
1012
3600
315
3031
2993
3032
2219
3849
90
3039
2957
2904
2725
1069
3422
1864
807
3374
2750
2831
512
757
1159
1892
932
3196
1738
3157
3718
3049
1160
2168
994
332
681
665
2888
2532
733
2675
1632
738
3757
3098
1598
2790
3773
3348
164
645
1248
840
1006
1868
1400
1102
3966
3646
584
3430
1860
25
2232
1189
2730
2295
2885
2410
2362
1201
2914
3759
1036
3293
3919
3803
3407
984
2644
884
3891
670
3866
50
2961
2582
3398
3086
408
2891
2707
1657
1845
2453
971
585
2590
1399
1473
3886
3099
3777
1486
3459
2001
469
647
2592
1964
2726
3607
1901
2409
3773
2718
2576
61
1494
3814
2695
1958
3271
413
1010
3212
3424
2548
3943
1234
1485
3763
1737
1439
505
2454
1746
132
1325
3144
1773
2954
1590
3739
481
2617
3845
450
3080
2311
1487
1355
2398
3867
2901
3931
84
2205
926
2119
1539
2076
864
3021
1150
1179
637
2318
2273
953
3402
3560
2694
2939
1387
467
3542
3448
602
1496
3548
1890
71
3401
2197
2732
2617
2721
2788
1468
2195
3033
226
2958
1874
3908
1234
1762
2706
2344
83
3939
751
1114
2190
3989
2121
660
3055
2138
161
3221
3793
3201
2337
405
1298
1356
1144
2531
2214
285
2979
2078
2151
892
2503
2124
2793
167
442
122
908
3479
1825
3601
3115
1611
244
17
1553
819
3966
2765
2891
2458
2241
3618
2616
2257
1622
853
574
1972
3986
649
3798
3900
2212
793
1255
416
1946
56
944
2216
3268
3138
3007
784
3120
1055
383
1942
148
244
2702
1920
1579
1061
2796
589
2710
11
3119
1110
836
3182
1268
832
1100
2463
3632
1121
2263
1717
2916
1068
1563
1634
143
123
257
2448
2301
376
1608
478
797
1096
803
1649
17
3956
701
1817
3774
3925
3549
2337
3875
3484
1060
2194
647
3836
851
1157
1675
2453
1994
739
190
2365
1227
859
943
1164
1565
126
3933
1412
1421
3323
2251
2811
2798
1394
3567
1575
2945
3095
3881
2693
2256
262
305
3814
116
3357
3977
3031
2294
2938
3186
1003
1170
3761
1210
2535
2552
2538
1650
906
940
982
1310
1270
3630
1868
1606
1759
2356
420
1354
15
3123
3246
146
3316
1180
3408
3554
935
3010
2523
653
762
2874
3337
2177
2109
284
2357
3584
620
1510
3126
1103
2169
1056
2681
2151
1457
3290
1019
3400
3150
1937
736
365
25
720
2354
3419
1337
2323
3834
3860
2813
903
436
2344
2593
3790
306
3019
320
767
2896
2273
1943
2857
431
565
722
2071
432
3945
2357
1423
3118
1384
1097
1045
1656
1239
1217
3117
3850
2570
295
190
1256
3636
3848
1489
1975
2870
2617
1529
2167
1752
101
1292
1216
565
3220
1839
3863
2000
985
3409
2638
37
2296
878
662
1819
114
2611
3809
469
590
321
2072
1735
2086
2698
1366
3430
1931
665
3807
344
758
1262
2561
3979
2317
3047
1637
2818
3214
634
3890
3401
2298
3390
1759
1001
3841
138
3890
2135
3654
1461
697
2119
622
29
3972
895
3179
1507
3581
518
1823
2451
262
3451
1552
737
398
961
2023
2959
3471
1944
2916
1643
775
103
65
885
1264
1749
2273
798
1406
3960
2581
1676
501
836
2219
1659
3749
1989
596
1182
99
1544
2416
1730
2693
2259
2393
2963
3641
2069
2824
2327
1762
1048
1799
1081
2993
3699
3348
3329
348
1596
2447
734
1661
1979
3681
485
3242
1401
2313
2387
3308
2903
3588
2702
894
2843
599
1354
2212
934
1340
2344
1733
513
39
1497
2279
341
2132
3872
3366
2233
3567
3445
1584
454
672
2693
3072
3207
753
2103
1493
3052
3933
3466
1742
3198
2742
3066
2564
2541
1587
3905
836
3236
3029
2394
39
3998
1620
2720
3600
274
1802
1653
1730
362
2204
1952
3259
3698
2849
3021
1649
1899
2032
1272
744
2111
2666
452
2349
3983
1345
2822
1905
232
1028
3487
421
948
1960
1926
911
460
3124
3971
3783
1867
521
2712
1104
3070
2060
219
1590
2104
2994
542
2848
578
2759
1999
3634
143
122
1210
35
2862
2280
653
2933
1881
3012
1108
2966
586
416
1251
1138
3596
955
1138
2163
751
231
994
3926
2518
1557
3614
43
2315
1088
1661
1481
3251
3794
3971
811
3227
1911
1191
2283
2929
924
3312
2970
1616
579
2424
1273
2931
743
1170
791
3466
2438
2536
3879
3306
1199
2813
1564
2463
937
1362
1732
1949
990
3908
2463
3604
1315
754
3771
2946
2213
732
1646
2786
369
2055
462
3426
3199
3229
1520
2098
1500
2289
3643
3544
3987
2240
2568
2657
216
3539
185
754
1745
865
83
3356
2817
369
633
1102
1041
3678
3750
453
2653
2739
3271
1054
25
2997
3058
107
190
256
3399
1924
1621
521
3650
2293
2559
483
3194
2902
3327
2686
1401
88
3780
3369
3864
3450
342
1976
3415
1819
1756
385
502
2410
2152
3072
1586
3930
1568
2010
3711
3569
2634
702
2591
2048
1363
1735
1084
652
1148
3711
2408
2379
1505
3230
14
394
2151
2448
500
171
2402
3988
3216
684
1536
2464
3396
3042
3381
2818
1623
2085
1476
1442
1650
2404
2215
1923
2515
858
604
744
3697
3704
1580
2611
2381
1826
1432
1768
2130
1686
3618
529
2153
870
3733
3675
3163
1063
2226
2237
3907
418
953
3128
2383
1384
1552
3002
3891
1986
2835
1501
3370
3238
2904
2252
3371
2821
3805
3974
644
2946
1425
123
629
3357
2716
83
2635
3597
2603
2990
2487
365
3708
3526
1547
813
3714
592
2672
2889
117
2178
71
2646
1690
718
3546
57
427
429
30
2834
482
1591
1192
3093
1991
2094
713
2041
1843
1978
2535
1129
353
1743
3449
1433
1168
715
1950
2194
2583
2203
219
1902
3910
3517
3823
1376
884
1600
2421
74
2987
1928
2582
1010
3980
654
2056
366
1823
2148
3334
2876
540
342
1517
558
2895
2028
2001
1795
1868
3404
2330
1905
591
3196
158
1374
2542
2245
3420
3758
413
2899
2322
3159
30
3289
3100
1520
1251
3793
2058
1448
1729
3873
1020
1395
1235
2361
509
1438
1032
825
1177
2116
1098
1168
2523
2713
2956
1343
3496
3971
1455
1179
562
3497
1873
3282
346
1860
3442
2597
2533
562
68
19
3353
2313
3247
2742
3285
584
3519
3494
3851
1833
1963
2972
1210
1107
1442
1202
3852
3404
2675
3269
3784
1804
3609
1948
3125
141
3969
2979
1645
1982
2042
3408
1593
2262
3128
2534
2735
421
2277
2136
1796
1414
2053
1157
2607
625
1604
1313
3420
1550
3838
1717
3178
3844
1002
1597
3234
2543
2852
559
948
463
1398
2267
1743
957
898
1614
573
217
270
593
2265
3262
941
1358
1230
2903
70
1970
2925
3756
3011
1294
1226
884
2841
2872
84
1902
2158
2606
2863
3627
2732
3866
1008
2146
1440
1297
756
1703
559
3606
1981
1110
3255
1884
2410
1961
3133
3336
2770
393
1752
244
253
3234
1720
3600
2271
143
20
1028
2674
1652
816
560
1519
3306
3111
2068
2440
148
3419
75
3173
3889
3638
498
889
3755
59
1575
4000
1004
2190
1133
2840
2064
1021
3211
1592
1397
1834
2644
1809
846
1174
3329
1568
1464
1163
3354
2317
644
3974
1845
1924
1075
3583
1173
2061
3456
3254
2195
2730
1494
3836
1818
3597
674
1531
2764
179
3268
1635
930
2688
1855
2642
2865
2168
1456
159
3048
3223
251
516
2326
3247
2624
1925
3688
3004
2989
2625
2448
1765
1261
3700
2273
2705
2046
2150
87
2562
3712
3828
468
1331
2218
2457
1444
2538
1846
1432
1186
1178
188
1449
179
953
3197
3326
1328
2168
534
1968
3074
3460
2772
1195
2822
1271
166
242
3344
3324
2542
753
3563
1054
274
637
2110
3147
2799
3530
907
106
1997
1161
593
3766
1805
3131
2001
374
3230
1207
1677
2235
16
116
2092
1397
3200
3828
2299
1554
2897
3885
397
2868
1884
3124
2883
2030
1502
1832
743
3355
1040
3577
210
2235
2100
3507
3342
3178
2667
2539
981
447
227
932
3928
2302
1006
254
956
2426
3342
765
1822
2155
2380
1265
1687
327
839
679
3963
3232
1034
875
476
2363
3606
536
3243
3016
159
190
830
739
1907
1327
1549
2917
500
2822
3063
167
2983
1204
1793
2613
2981
1128
2654
3435
783
3963
2763
2639
862
2357
2161
3210
1368
479
1069
2596
1055
2086
2604
1403
931
2824
3600
2656
1016
1887
2768
3918
866
2983
2459
1319
3853
1038
3037
3021
921
471
3514
730
306
1770
3959
1917
893
412
1592
1010
1295
2422
1732
3388
2008
132
1924
417
3740
2269
3659
3330
2626
3658
2768
470
2918
3637
3254
3842
3593
3568
3340
1367
2984
3966
16
2824
1034
2370
1967
2278
3346
1442
2728
1497
3765
2327
2286
1181
3269
84
1196
1880
3884
3377
898
1876
3317
3955
3790
2365
35
345
3270
3128
3749
2597
482
1181
2049
582
1431
1075
2285
3646
3165
647
1182
884
1874
2601
1591
473
2583
1219
899
751
1400
2742
2621
3866
745
3826
76
3335
12
114
3181
1268
2992
2962
2792
795
2739
655
1605
2270
1095
313
119
368
3635
119
1014
3326
976
3703
2795
1977
2260
1360
2340
2208
716
2870
2023
2638
545
3961
3939
893
1277
1851
3650
3286
1863
1132
3867
311
1067
1924
485
3263
2805
2332
2693
1337
2779
201
2216
66
1626
1270
588
120
2681
860
2328
2850
1450
3585
2093
406
847
331
1204
2187
953
3615
150
988
2763
667
3626
3348
1917
396
3049
3804
2684
76
2494
1791
3055
2043
346
1911
2389
1113
388
2870
3402
2718
2317
2610
1193
662
2528
1325
2378
2109
1272
768
3756
3666
2349
1444
2702
507
838
2173
504
2453
2898
3812
279
885
2770
1039
2821
3168
2894
3455
2534
1892
2888
549
3886
1009
2733
2385
161
3608
1703
1113
1139
3038
2927
2883
1422
3132
2944
2512
2929
3063
2503
740
1333
1911
2199
1974
3723
38
3546
1296
833
3270
897
3971
36
3343
1916
2987
3776
3973
69
3610
1954
370
3158
996
382
485
3291
1127
3788
1318
1570
628
3853
1780
335
3166
2412
606
428
2846
1408
3802
2910
1249
686
2853
1234
2383
2987
1880
1398
3480
2399
2211
165
92
1348
2760
1530
535
398
1559
2470
40
197
66
1532
3901
3053
2300
2057
669
327
2995
2785
337
2576
1830
1332
1072
1415
2308
3744
2693
300
260
608
2335
2084
3195
386
2453
889
1693
951
1012
1022
83
1731
2022
496
2805
372
1
728
3012
2703
713
3438
3174
1061
738
3127
3519
1349
535
3759
585
396
3872
1377
3888
535
3732
3634
2253
3065
2667
2238
2588
2504
2957
3547
3804
2641
3261
3514
3266
3948
2588
3468
2746
3498
347
3968
1692
1610
2593
2026
2471
460
276
256
2332
381
3656
1758
378
3025
3649
873
1105
2382
199
304
2821
1956
3941
655
161
1595
1342
3630
2965
2374
1613
3910
2222
2355
1782
67
1585
3204
3951
740
2356
2775
3141
95
1848
1313
2860
3714
710
2010
2022
3765
2277
3346
3151
3675
3574
1314
2051
2968
2444
508
45
492
3627
1732
3565
3708
2204
1016
3780
3026
938
2283
1759
2427
1820
1359
1374
302
2095
464
3904
2445
751
478
2957
515
1171
1603
1823
622
2866
2771
2894
1174
3749
768
375
603
1147
2285
3336
1261
627
443
426
3860
3961
3071
2411
912
2848
212
1288
187
1112
3629
1076
1803
428
2019
3879
148
1308
2572
2437
649
1042
1485
1417
2115
1730
2758
1326
1402
2531
2763
859
3952
1348
3156
3913
77
1901
2186
1938
1125
1555
2241
375
1622
599
2373
141
2670
2396
2189
2758
2249
1220
2733
2264
3735
3654
1479
1548
1308
1613
2177
933
2865
3760
1362
458
2857
2601
2677
50
2414
3989
3456
2891
1929
2247
271
2631
672
969
3545
3268
313
3216
68
3350
3837
314
1941
1427
1976
807
223
219
2621
3089
2333
2018
999
2602
2331
2652
1753
1553
2765
2308
3815
752
3619
904
398
3508
3893
2676
62
1450
984
2617
1304
307
1939
890
3954
2244
587
2835
3383
2684
1145
1479
1739
2018
2974
708
3756
2779
2861
245
2421
1253
2534
644
1244
787
2307
746
315
2694
299
1652
908
1860
3813
1939
3597
3543
3526
705
3778
677
3755
1803
3898
2055
66
3455
1802
72
739
1715
1750
3804
1404
2767
462
3642
2249
3449
1589
312
2211
2555
3100
1825
335
915
1805
1814
439
1431
3780
1374
182
2914
1911
11
2989
3552
1559
1995
1459
3922
783
71
1865
3326
3560
1244
1770
854
815
1331
3778
1955
2254
1599
630
2286
599
1523
1889
1994
800
2749
3199
1282
3271
643
2721
3707
471
3064
2401
1509
323
2139
176
995
2255
1453
2603
1332
494
1005
1676
2334
2725
881
797
759
2287
1379
3655
111
1882
1398
1160
2749
2382
2851
2403
228
3726
1220
1586
577
2071
1805
3510
3700
3525
834
3375
169
2581
792
1671
1218
901
3564
3752
706
600
3322
3790
601
3093
1372
3639
3239
3343
3295
1655
1583
2080
1283
136
1498
3022
3247
991
1060
2223
2990
2522
3303
3401
2890
2997
962
242
3203
3996
133
2294
1580
2970
124
1495
1059
495
949
335
2059
833
1296
2513
1736
2698
963
3629
566
3535
3047
3730
3749
1328
3938
3885
2421
3003
2161
1136
1451
2779
3954
2254
3949
334
2092
2307
1120
3509
3003
337
1115
1860
2204
3909
3367
569
721
3287
693
3721
1265
3568
2300
1846
1359
3302
1582
1405
3206
1859
1367
907
1950
1060
1617
3920
2077
2301
1766
2988
3469
154
2371
1477
1285
3232
2420
219
599
3217
1858
3539
1046
1902
2599
1167
482
3256
2506
2910
1906
1999
859
528
956
2875
3564
3042
3747
1449
969
2104
670
3661
3574
2472
321
1414
1252
1331
811
2687
2736
1455
2635
977
2136
703
207
2118
3611
1348
3274
2520
76
3724
3265
3576
81
2217
1171
203
2142
3741
2915
3119
2506
2033
2659
3163
555
2821
2655
3332
3155
1698
3299
3451
742
1931
1801
2196
2678
1809
451
866
797
2341
1153
2718
1238
1033
1312
2567
857
2016
463
3299
1265
1732
2271
2595
1084
2038
2151
1988
766
527
657
498
2626
1141
3141
519
3630
2762
815
241
3778
2143
2543
3282
2925
2501
3582
3393
3980
3236
728
1198
608
1572
106
2434
2603
1449
3256
1156
2343
124
107
792
1410
899
1334
2467
409
2419
1380
3466
3632
3484
576
1719
3500
2883
3009
2397
3149
3309
1839
2227
620
374
3542
1980
684
2882
2470
680
1856
2987
1348
3507
1209
2969
850
2315
3018
15
1365
2287
122
3746
776
3666
1413
709
2813
3583
176
1887
971
1623
1543
1278
2681
1461
725
1125
2789
2003
3422
1025
2417
70
1756
185
3210
2275
3477
164
1111
2341
181
2388
2715
2663
1325
3152
2822
2923
3272
831
3262
1277
1190
1472
3493
2226
407
1079
3176
106
2677
3970
2116
2996
542
2153
3477
3153
1261
1300
1468
2736
3156
3766
2572
185
1208
3239
2961
3429
3561
592
93
3562
509
1151
2160
1653
3848
3803
2084
1200
537
2481
659
2307
3092
1292
773
438
3687
1668
2585
2581
428
1165
1711
1388
2394
304
2448
3793
2760
1270
3835
3970
3136
2593
1101
1923
2779
2933
12
1162
3518
1523
2352
1718
3793
1895
3951
729
1912
3991
707
726
144
700
986
1573
3207
2445
3481
404
3960
2998
430
2408
2402
2568
3121
1377
5
586
245
187
1144
2189
2033
304
2633
3997
3654
1339
1170
979
237
568
436
679
1407
3784
723
707
2399
2704
1358
1235
551
2720
2681
1816
1614
2321
3417
220
979
1608
3675
1920
2825
3351
1777
1202
3167
1667
3210
1626
3947
1600
2349
3890
3250
3704
1746
3734
2742
3338
2493
1745
2845
2031
1720
3159
1466
1432
3819
2513
1850
1396
219
3763
1773
1614
988
970
2830
1618
628
593
209
3184
654
3586
3177
3225
1688
3785
2963
3047
2841
3540
1506
3737
2834
71
2951
1659
2608
3021
3517
3236
3403
2249
2095
473
3135
1673
199
143
3972
1084
1779
3917
1324
1914
1781
368
1016
2530
2856
2473
3863
97
171
897
3036
1198
2571
3548
1723
2259
817
2171
545
901
1540
2908
2893
3188
3165
2012
46
1150
3494
2972
1594
2878
2573
929
776
3843
3947
3061
3402
2651
3915
2700
1963
1326
2649
65
2049
1574
137
766
3023
492
2081
3194
2586
1422
3300
1053
1574
3740
2460
2079
2572
1395
3267
2607
2394
145
3406
3472
135
6
1207
2493
2737
651
101
3084
2677
2733
26
1361
1802
2210
3929
3833
3227
1084
402
2455
1471
635
683
1980
311
2396
2156
383
3491
687
3815
2012
1537
2311
1507
536
2691
1451
2436
67
492
1993
3544
1078
455
170
544
956
1283
2273
185
3757
719
3420
70
1974
2606
1213
316
20
1271
3971
2217
3294
844
3329
3042
2915
21
2096
2216
3593
3097
256
3254
1876
3384
2249
1034
3207
2055
2369
13
1157
3304
1894
3873
2992
262
1658
2662
467
2986
2927
201
923
1661
1752
361
575
1947
1535
3943
1665
2416
1941
2441
3341
498
2020
939
2398
3482
3744
2724
2016
2656
2076
3216
3312
1138
792
959
1919
2672
472
441
3093
1895
1008
1228
3123
3753
1244
916
49
454
3692
3429
1350
1545
3133
2776
2341
1392
770
3536
3524
3497
3073
648
3193
1606
90
1787
3005
1085
2178
3215
3762
1823
1038
830
3201
2739
1867
3811
3259
3854
170
3070
66
432
568
2723
1920
2590
3948
229
3669
1304
3674
187
1454
311
836
3181
1168
3909
2256
3261
2613
664
1173
980
109
3052
623
1480
293
1436
498
39
2277
3805
91
1538
115
2904
3681
185
2006
2017
843
3103
1333
1944
3675
106
1469
2684
1480
1785
1057
1383
969
2498
476
1674
237
2871
306
1829
2376
596
2004
3235
3400
680
1731
496
934
3038
2988
1112
535
3719
625
2366
386
2597
3752
3317
3596
1750
444
3903
2735
3419
2513
1151
745
228
1734
669
625
155
3091
981
1604
1833
1074
3196
2717
2312
250
2577
420
3655
3461
2684
1469
275
1652
710
3681
904
3369
2068
1194
1332
3921
2561
583
1540
3717
2358
207
718
3493
297
2035
3994
1285
496
1164
2669
292
1952
3860
1619
1559
454
2544
3048
197
737
2859
804
715
1722
2366
3649
1728
3682
3498
842
2962
1990
3688
2369
2479
3889
3736
301
1376
159
2839
1311
176
569
1324
3999
618
1361
672
664
3840
348
1325
3324
3560
71
175
3765
3073
2807
3576
10
1395
769
352
2986
3764
3170
185
3863
455
2205
1280
3474
2368
2799
3535
1824
194
16
2192
566
1321
777
2316
1766
3875
1324
2274
229
1688
948
2547
1944
1227
58
3865
699
3801
1425
1144
1901
3071
1855
2733
2780
792
3320
3107
2280
2147
184
964
247
2723
1117
3916
2036
3264
3167
890
1669
1322
3437
32
3816
702
2821
665
584
2466
3760
2106
994
3146
1144
3105
3438
3549
1510
2378
3437
1137
124
2945
142
2066
3116
1105
540
1442
3859
3003
1672
2395
630
546
2894
336
3447
771
2694
3601
1684
291
202
1869
1500
3520
607
1906
3151
3753
1282
48
2769
106
3248
3035
2922
575
146
3215
157
2025
2019
1710
3779
31
1727
517
3203
380
3721
3149
593
1270
3385
1933
1344
2991
833
3132
3269
1284
3259
3940
3146
3747
3057
834
299
2745
1096
1322
3632
1385
1737
1640
1991
665
2605
193
2782
2183
709
2072
2810
2168
3876
2188
1591
1201
425
414
157
2175
2124
3281
2267
1744
3268
938
2658
2180
467
3191
2401
3390
1583
236
3192
853
910
3048
1179
3816
2285
2262
133
302
1053
1968
2998
2538
2603
2877
3243
2589
2058
283
3449
246
3582
88
1509
3684
3400
378
3139
461
1161
2943
2409
3735
2101
3582
3310
2147
2294
2092
2757
2745
1274
507
3888
2943
1754
2429
3203
2083
1927
3590
3575
248
2803
2895
3143
2909
1337
1687
2378
3640
3819
1828
2637
162
54
2439
908
412
3764
3518
1581
2528
238
275
538
1170
2603
833
1209
3285
569
3478
2889
2970
2487
3860
3483
2643
2044
2034
1387
3013
776
3104
2105
2428
1158
3176
2856
824
698
1647
2195
2565
44
2586
1127
1001
2225
558
2657
663
979
1519
1988
928
1789
3114
2839
2793
1572
2159
2809
1271
3733
534
1282
583
1527
1923
215
1914
1725
1763
1417
2574
1003
1942
1515
328
1345
423
974
2316
297
886
155
175
1209
2646
2573
2276
358
210
3464
2611
5
427
1690
808
799
2845
2572
2183
3568
2912
3748
3613
2940
3593
1531
1777
1775
2096
3318
3674
2927
1933
771
106
3297
2716
1202
3432
212
3583
1037
60
2253
2147
3190
2595
1744
602
1787
3522
3209
711
1560
2902
916
1241
3210
2922
2063
3502
939
3267
633
2777
3023
789
1191
863
2074
1753
259
2394
3740
1910
1569
1632
234
3163
3648
3198
3065
1551
89
1438
2841
1791
200
3497
589
22
468
3781
1795
3596
476
3390
3860
2805
1663
3939
1049
1434
3304
2984
2215
1285
1621
2793
3402
693
3970
3022
474
658
87
41
1851
2234
3531
2588
3223
2650
3091
2808
2288
3128
1483
2337
1413
845
3871
2733
1763
240
790
2923
549
3629
3100
1664
2281
437
11
2252
1680
1839
3509
3659
402
2316
3889
1720
1852
3609
3327
2860
1383
3149
697
3844
1142
289
249
2081
3724
1599
3713
1352
327
403
1579
3977
1149
1055
3565
1533
3249
3595
1576
3305
1682
3801
2478
544
2961
1623
1997
2244
317
2573
3964
3405
988
3894
1601
866
808
2251
3197
1411
1219
2331
3669
74
3993
1239
1342
3366
1041
681
3395
1063
2831
613
2102
2712
1481
3672
3985
2373
676
1725
903
1950
2282
2990
2445
1044
3530
3832
190
353
141
2631
3887
3588
1520
1280
848
1929
2339
750
3420
263
3004
3699
2237
3299
2873
1504
2494
3859
1616
2433
2159
3484
1333
911
1007
316
72
9
2233
1508
2935
1213
1581
2301
3735
447
153
1516
1563
3068
2692
2352
175
233
2424
71
2516
148
1929
3344
3671
3324
134
1772
2288
3517
3963
286
1428
3555
3712
177
3704
3200
3746
2169
3331
120
524
1041
2414
1369
3634
2852
1082
1673
2297
1799
3534
375
390
1603
3468
1204
226
2128
1263
2298
2182
1341
3204
1674
2473
2317
289
2068
3427
3995
1702
1103
3421
3518
3823
3368
3800
263
2387
1687
2774
3591
3708
2446
2441
238
1155
1867
1558
2030
3751
2700
612
542
2698
802
3559
666
3176
766
132
104
1781
103
3777
3605
242
2766
459
990
2028
1881
98
3051
2577
636
677
2133
495
2406
789
1769
2347
1846
3177
3876
2171
2126
3438
862
3969
2496
3352
3299
2084
1318
3146
828
2540
3438
158
493
2970
3729
2225
3319
802
805
846
2973
38
2952
725
3684
1296
3485
3112
3060
459
3987
1234
1339
1151
3136
693
2065
743
846
1518
3222
3600
3180
2982
3895
2673
1861
2776
2831
3490
3341
1306
746
3290
855
3530
1573
1929
2915
310
2577
2414
1717
680
631
1782
2850
2988
1813
3346
3268
2752
1830
179
108
3447
2688
1893
2710
2377
663
2245
440
507
3615
1152
2645
2854
2542
1290
3854
3751
3744
1752
2936
3778
692
1306
3913
1908
20
2296
331
2196
2450
1448
371
3268
2541
3690
171
1818
2003
3424
3339
101
1
3597
3495
1279
3045
3528
2690
1294
68
3965
3584
2486
3032
2816
3513
2783
2001
1391
3113
414
3869
2404
3940
994
3906
3987
1447
701
2983
3110
489
3022
2451
3123
3409
1255
1485
3766
2433
320
1154
2992
592
1751
3109
2556
630
865
2097
138
160
2386
650
3130
2179
3045
2210
2934
2477
1096
3863
172
1079
1416
3833
999
2902
3252
3818
41
1713
208
862
3719
1869
3385
3649
2401
1668
1167
1272
1308
1109
932
63
3742
660
2560
18
1222
1698
2799
1223
3109
567
2503
1913
2685
3772
3385
2431
1364
3701
3539
2939
468
347
1776
2223
227
2280
541
3881
3642
2764
3017
3199
613
476
1768
3125
1334
1130
292
1340
742
975
3809
2708
3336
645
266
370
1259
3026
3261
317
2029
862
784
2578
3383
3109
1119
616
601
520
3348
3758
3330
2558
2513
1456
571
2152
156
2328
97
2243
1959
2833
1086
3382
508
3206
2723
3306
2338
3305
676
985
1646
3408
976
2336
456
3098
1803
2606
729
3152
810
255
1838
2470
3114
258
3692
288
1325
2581
2288
1201
3570
498
1089
3295
3952
931
181
3203
1614
1746
1244
2508
1858
827
1037
163
1221
1794
2764
2217
1456
449
1140
3388
2933
1434
230
344
3323
715
3278
3131
471
2143
623
2273
900
1569
2635
2222
992
3595
1744
970
962
1980
3426
2982
3355
3688
1089
3581
104
106
727
1909
561
2581
608
3685
2529
3240
54
272
963
95
1592
656
1205
3142
503
2126
1164
617
2589
3822
388
2406
186
1639
1569
3300
12
303
2311
3133
3946
2934
2354
2615
3437
2665
1939
3280
604
1655
1160
1559
786
368
3639
2264
2094
2121
1126
3631
1271
1051
2714
3070
3690
2540
1355
1625
610
3877
2144
3487
2370
2722
3020
2435
1537
1449
228
2728
1619
82
1531
555
464
3205
1981
1242
3492
160
420
2595
3411
3319
2138
3623
454
2806
3756
2029
245
483
1415
594
1139
3870
179
2398
3057
714
3592
3667
3088
1637
1616
3231
1383
1523
3259
2192
1196
217
2681
1543
195
3813
1240
485
1249
1387
2074
514
251
2859
433
316
528
206
3834
3948
2159
1998
20
2325
3431
789
699
1366
297
3678
2630
191
3195
2264
2425
3424
1948
2089
2631
3420
560
687
2023
860
1959
1250
306
225
3214
725
1751
401
49
955
3003
2675
1035
1062
3792
725
3212
3818
1457
2954
3109
800
2423
178
1651
2055
827
1265
2054
549
2345
3649
1261
1132
61
67
704
3927
3868
241
970
2355
850
2447
113
1787
1219
3136
2530
1947
1680
3669
2302
1270
2665
2464
1531
643
3113
743
344
178
882
2739
1634
141
2374
1960
2748
3897
735
3215
430
700
2028
207
3884
1944
2920
2011
2881
2229
3608
3173
1529
3262
961
879
3720
865
164
3842
3578
410
1687
2456
3096
841
2466
1651
3571
1247
3922
3889
401
824
349
1783
913
1026
1299
298
2844
2973
3421
1756
554
538
436
1411
1870
2373
2369
1222
1504
511
1005
3409
3525
1988
2084
3273
1916
2636
3050
3865
3911
3405
1466
1161
884
3229
439
1040
2184
149
3505
3616
135
1617
3255
256
3298
884
3315
1240
829
392
3238
2085
3547
803
3232
1164
713
2565
2428
2539
389
1278
3926
43
1769
428
1162
3794
2391
1538
3562
1749
546
2469
284
2762
1974
3216
622
1243
294
983
3543
119
3664
2216
1227
130
1871
685
3258
2637
861
3246
3301
96
3491
3188
2910
3412
2142
520
3836
3485
2255
3418
760
3268
2400
1310
775
3891
1742
2736
883
1226
375
3128
440
2063
2690
553
1689
1793
3909
3299
3932
685
982
3736
1833
793
1362
3084
3706
2718
2308
3573
3775
2356
3027
578
1873
453
3850
1240
3952
2883
293
2456
1724
2165
1269
380
3020
2828
2064
832
335
949
1976
2493
765
3783
1734
2832
3928
3707
3443
1690
1412
764
2211
2752
1921
1012
3022
1299
3073
1414
2668
778
2634
730
2845
1579
809
1810
722
1352
3633
892
59
3398
3631
960
3342
857
1067
2745
1872
2572
1117
3776
420
125
681
4
717
836
2617
310
738
1427
1814
513
173
3769
2723
3639
447
769
3190
3526
596
1848
2099
1001
702
2668
1574
1755
2961
719
3357
38
2858
411
480
3481
61
559
3886
2425
3001
3416
2645
1422
2842
3819
1646
1662
3435
398
434
599
2262
3894
3485
3046
458
3275
2526
1765
392
936
1815
3312
1162
2527
3864
536
2287
2394
2962
1393
2855
379
1754
102
2872
292
3997
1037
75
3795
474
1044
3318
1477
3137
2394
3047
284
1894
3355
297
763
289
1251
342
2286
2565
1156
954
838
2203
2467
1567
3490
2682
1420
58
745
2021
3302
1074
532
2146
1120
2568
2793
1138
2635
1447
897
3826
514
874
3755
3053
2531
676
2538
1916
2945
3504
633
1307
2803
1845
3439
2056
964
2197
1022
571
1997
1107
2869
669
3392
223
1285
3014
3675
2720
1632
3223
3004
2716
477
176
1812
2375
56
1968
3572
485
1943
3655
1284
862
1448
3385
2739
2941
582
1745
1256
964
186
3679
3991
752
2365
752
2447
3333
1371
2152
2960
3126
212
3231
2713
3795
509
3125
192
2831
3715
2931
859
1516
1583
2656
2107
3110
165
3324
1081
153
71
2812
3305
815
2870
3011
458
2698
760
2970
1631
3594
1333
3372
2616
1596
3707
1664
2729
2784
3746
3731
3228
693
1514
3441
3107
2819
1152
3408
2309
1188
1536
426
2362
1167
596
1525
1074
3427
122
96
367
2317
1923
172
1363
3382
1176
3172
243
1837
3383
1979
2059
2572
3516
1569
3244
3656
3483
3905
3792
2810
1225
2106
46
3078
2458
3160
1641
389
3012
3566
2339
2963
3523
1043
2255
886
1174
2934
3267
425
711
734
2892
581
264
355
3612
491
2809
3875
1726
880
3526
2786
138
357
3084
3233
404
3074
1468
761
3903
2095
184
2484
2703
1391
3227
2121
3356
1225
3894
2642
3106
3700
2996
1291
245
2622
3966
1962
146
1849
379
3829
3409
2370
143
2596
3447
880
1957
148
3656
3798
3719
3685
2489
2997
3850
1393
3426
1505
1703
2474
3058
2701
931
1998
94
213
272
3849
2514
3209
1804
424
2376
305
1991
213
3829
2530
1603
2964
3232
27
3188
1945
15
3772
1798
3139
3194
1892
1982
2425
3968
1444
3417
1280
3288
3014
432
3638
2688
2868
3197
3118
3921
3366
3351
3400
3572
2284
57
2092
3693
147
930
2211
1814
3800
2165
2290
807
679
3520
1044
48
1166
505
1203
3913
1763
2565
3651
3361
910
3922
3675
2706
1524
1540
2481
2198
2530
2477
400
595
1138
853
2329
2769
3005
3514
371
2637
2653
2800
1968
3142
62
841
2526
2484
2592
3376
1574
344
3115
560
1060
2671
1360
145
2180
1408
1400
2370
1461
3221
2060
2546
3341
1222
2688
2104
2713
1744
412
403
991
549
3272
1868
786
1277
947
88
849
779
32
3097
3516
2858
3886
1603
244
1142
3939
2492
79
3927
1172
701
2324
2679
1779
213
2073
373
3958
2285
2486
3474
3808
2406
1157
1961
1070
1630
3929
2972
3456
2834
1592
3689
737
861
215
123
533
1855
16
1053
959
1081
1570
297
2348
20
3302
1951
2079
929
1321
2193
474
2715
1962
3483
2437
137
1618
3568
3295
2879
203
1903
126
2436
2143
2260
1252
79
3310
1355
1472
1322
3243
1600
2046
1465
2420
1234
492
2804
716
1606
490
1647
3894
1207
2926
155
1968
1514
2769
5
2474
1248
3161
3356
385
3301
1091
1136
1597
2246
3564
3574
3331
2336
1693
1672
2040
3954
1745
393
1139
2804
2405
806
3548
3361
3867
632
2791
784
1066
1446
712
2305
3205
3272
1586
3922
70
1158
1968
2609
1847
1374
3646
3276
989
3173
1061
3556
3074
645
2769
3968
765
2852
3121
30
2432
1221
2443
2596
1854
1064
2713
3477
3863
3756
1732
2847
2817
3989
3899
3665
149
3560
2192
2025
51
2164
143
2379
1906
235
2428
3150
616
3533
1256
753
1426
1221
1391
971
3842
2445
3314
992
1986
2285
460
3567
3369
2081
1299
1928
3033
2168
2988
955
2737
504
1803
1100
1430
1599
3718
2754
569
2789
2869
2430
3237
2621
1705
1449
840
1018
550
3719
3548
2831
3262
1095
3216
1038
3979
700
1111
1361
2728
1446
1325
3511
3564
2505
1922
839
2213
3424
3236
528
13
426
1197
593
620
3362
2342
1108
2729
1228
3126
2069
110
2443
2444
3136
2007
2352
549
1304
1366
2605
1562
3732
3047
3528
265
1925
3275
683
3294
2770
67
2328
1917
1380
2379
921
3023
1054
2224
3381
1319
3267
336
3007
1424
3899
2316
1609
1877
1169
364
1462
364
756
2223
2316
288
893
3629
3464
1721
112
3084
2316
1866
3643
3803
3987
3927
571
879
1862
3169
2366
407
679
3824
3908
2302
458
3707
2622
2044
2115
3767
281
3129
506
2106
1044
736
1851
2987
204
3291
2666
1384
1785
3185
3988
1042
2769
1432
2177
409
2922
537
3046
3584
2461
383
1111
941
1158
2715
2009
591
1352
3224
2645
1708
2957
3446
8
1094
75
2213
3383
3530
258
1503
2944
2517
514
3618
3020
2722
1482
1256
2785
980
1547
741
2708
3517
11
317
1627
1769
1797
448
1
714
685
3
2322
1056
3889
892
2262
965
2332
1082
3291
2898
1460
158
1034
1874
163
1050
2140
65
3314
2532
1254
1888
1105
2550
2607
1848
3700
3558
1986
2375
3000
605
1790
1228
1955
2679
1675
1292
1128
1398
1032
2367
3658
3554
1888
1914
24
545
2075
1305
1015
463
3888
1161
2589
3162
567
1103
2617
3933
2556
3641
1169
3895
3153
2591
1283
1927
1787
340
3117
2087
2764
2415
2887
66
2865
497
2350
1298
1793
3250
1340
2202
1430
2669
1619
605
3064
1604
1529
314
2228
3921
2140
1445
2028
555
3990
1154
2249
241
236
512
1195
982
2225
1072
3169
2153
1544
417
467
2815
3878
2554
3164
3968
1398
2739
502
2923
2422
880
1774
3462
254
2746
2806
998
3137
2108
3385
1687
1772
2775
3241
3208
2731
99
3060
663
2763
2146
3573
2228
1370
2818
2471
3093
3338
1776
980
3222
2133
2387
3884
1226
2363
2540
1585
2466
1222
1288
1519
3225
494
927
41
2362
1913
2508
1742
462
570
457
1195
1190
378
103
3642
1473
1236
103
344
3994
1818
408
404
3570
1366
2189
2
3445
2827
1850
3184
843
1625
3627
1776
2494
3775
2753
2324
3491
3738
3306
344
871
1708
2876
3193
3575
2936
109
516
3340
2346
3922
1641
2193
3732
2099
3981
1554
1330
2791
2303
2243
175
177
2402
330
2880
758
361
2250
2255
1433
3138
1005
3698
341
1065
3565
3641
887
2333
3967
2119
2070
3951
2876
1560
880
662
3917
1409
3810
2848
339
404
1763
2019
3473
3650
1853
3698
3478
1883
3178
1931
938
3506
423
557
3509
2492
823
3718
3367
3543
2199
3531
1383
2630
857
1793
1243
90
1087
3287
1456
3661
1494
1975
2663
1544
685
370
1340
1285
3952
536
1300
558
2629
2377
2371
1604
1538
1765
2488
1212
425
703
3077
868
3266
1169
590
3939
403
393
3917
3038
350
1249
1664
1142
887
269
752
335
1025
173
926
3756
1156
1793
1132
3670
1708
2876
1638
380
193
3602
2315
3155
2367
3371
92
2206
3986
953
2751
1002
975
3814
944
1744
2033
871
3749
3358
3439
1965
3933
2255
2775
3418
3172
2261
2121
2800
645
2105
1234
101
237
1850
3620
3955
2712
2001
3406
2028
2554
1013
925
1386
3468
1402
1775
260
1296
501
1231
765
3459
2010
3538
2391
2783
2566
2733
261
3786
1849
3345
1150
3870
123
2180
3884
1014
1887
1149
1572
2225
1188
1052
2097
870
3064
1828
1033
2597
3672
1557
3873
2022
3187
1674
3548
816
1197
140
3423
2023
1566
2801
2592
1875
410
1685
828
1450
2092
1171
3847
1753
1819
1920
1854
1268
3727
2564
3737
3735
3788
469
2845
312
29
722
2638
236
2764
1978
2657
18
2670
3943
2735
768
1692
3370
3749
1992
795
1539
600
1926
2589
3484
3735
1225
769
3812
2841
1819
469
3715
2677
1071
1372
3679
1168
1862
2602
106
2608
1854
2251
2693
527
24
2820
2998
3084
2596
3730
2881
3036
683
2831
1158
2654
3577
3059
1431
3051
2917
2230
371
3596
2462
3731
1380
2598
1780
3657
946
336
2367
2523
3714
773
2256
1847
1422
2549
531
3508
3170
3798
157
3348
2896
1368
2008
649
3857
3701
1736
3700
313
2119
2649
1736
949
276
2823
2701
836
1221
3306
3873
1967
1140
2492
3769
2951
3011
3240
1317
3001
3498
2704
113
1264
808
3611
2183
1255
2075
1337
978
3465
1418
2453
1726
263
2015
790
379
1141
2002
3089
1729
34
2081
303
1549
2995
700
3255
937
1563
1852
2103
1289
1464
2803
1588
1137
3340
1727
3052
501
2775
249
3684
3161
1998
1354
723
2199
250
60
3754
3390
3247
3374
446
3799
3879
1474
52
419
1115
529
3271
833
573
318
3609
1996
277
3527
1492
3456
1782
951
2620
3325
3100
1817
2867
900
1797
1352
2088
3486
3049
2401
2109
2684
279
1082
1363
3961
3085
1324
2196
3548
1811
1483
61
2330
1077
1686
2246
2872
2268
2250
559
654
3623
209
1513
1767
491
471
1951
1764
292
925
1151
1888
3415
3591
2024
2510
1030
3921
753
3999
2126
3614
3476
1984
3425
1680
2422
737
2971
3124
115
1008
387
3252
1994
3075
1920
432
195
1140
3701
2311
825
3046
634
2287
872
1030
1337
388
2323
654
3522
93
1522
1219
3467
3994
3991
1789
3560
1241
2939
1863
2819
3624
2922
668
2552
917
2120
1266
3791
1602
1374
3411
342
852
1989
613
3259
2922
3694
1644
995
1450
2091
677
3274
3511
1054
1107
2967
703
124
503
2459
2513
445
1080
2310
3436
66
3650
326
1330
3
1162
1726
1723
3893
2319
95
2662
1429
3869
2917
3210
2900
3948
2256
3083
478
5
2972
2344
1800
2724
640
2385
2230
3128
864
823
2950
2408
751
539
2652
3248
773
968
2475
1033
1241
3996
157
1734
507
3937
3071
186
1905
3579
3756
3031
43
762
2709
3890
1349
3342
3817
1475
3321
1530
1287
1864
862
2594
3677
40
33
3038
2235
1397
3390
3121
3674
3563
3739
3443
2402
2869
257
681
2012
2926
1944
3895
2965
3205
638
1804
2348
2074
100
2619
3161
3782
934
2090
2873
1815
2180
2403
2106
3416
1
2664
1631
3183
2103
1443
496
127
501
3707
2210
782
3895
3811
94
3041
1792
2541
3473
164
1751
476
2384
2278
3963
2551
2981
3232
3811
1049
26
22
3927
3045
1729
726
3109
2486
3229
510
1889
3061
3345
3354
1980
3684
1315
3019
3743
2807
2829
739
644
354
1376
3756
3249
1453
1364
3400
2450
3813
2929
1011
2547
1900
3027
3525
215
2864
3550
3508
215
985
190
1335
922
3388
3096
1253
1613
397
339
2747
2784
3985
3517
3484
3741
1105
2524
3346
3781
2634
785
1523
169
2114
2058
1056
2626
501
3141
327
1069
2029
3612
1128
1223
3056
1554
1300
32
51
248
113
1215
2029
3868
250
1427
2854
2542
2723
1744
3694
2640
2907
942
3338
1466
2922
2522
1993
1480
2714
2647
1268
2912
3474
1141
2660
227
2972
2092
3310
1168
136
2709
2105
3023
1290
2597
3728
1665
1695
3559
3603
1057
2477
3157
232
983
2056
1907
3343
1049
2384
1576
1299
1438
2040
985
3676
2241
1794
740
1537
558
485
406
2618
140
1552
937
1236
1991
3337
3262
702
793
1998
3347
3841
3508
3901
897
3020
654
1807
532
2765
1290
3807
3880
2299
2303
2440
3932
2512
1575
3788
3030
3220
3814
1809
243
3541
1525
1221
3817
1651
2826
1315
1307
2743
1894
2350
216
1412
3002
3578
3824
3174
3287
362
1204
3686
1329
2003
1385
3135
1647
128
3945
3883
721
2159
1078
2615
3582
1528
3739
2422
3434
2926
1857
1584
704
830
779
1435
401
3157
1455
1954
153
2750
1330
449
1963
648
862
3699
121
1957
2306
1443
450
751
3654
1598
1143
326
1002
3050
267
1365
3994
80
2679
146
1008
2708
360
1603
2342
2629
614
2526
2678
1008
2721
3849
3824
1679
698
2433
2999
2623
3403
2230
184
1359
1972
3026
392
212
1955
2458
666
2106
3711
3245
3353
180
3889
3210
3304
3700
2928
367
660
3127
2568
508
3314
1335
2117
1941
1850
196
1122
230
1919
1741
2088
2081
3210
3192
933
99
2643
561
1580
724
2556
1855
1602
3245
2025
178
3468
180
2111
1433
690
2403
3448
2832
1040
647
2913
310
1561
900
1424
956
1896
2486
773
3802
389
2194
2427
3260
2961
2091
3691
2841
2382
3536
862
1348
3085
3826
1741
475
2837
932
2903
3517
941
155
2686
2137
3846
3285
2718
1
1960
3062
3787
2397
88
3885
3430
1404
2082
245
315
38
3273
2871
3546
1421
2280
45
177
929
260
2369
3650
834
2032
1780
390
1872
1628
1563
1246
2175
3900
3428
2001
1255
2544
182
2951
1687
1301
2870
1216
1385
3463
1830
1682
305
401
2824
734
175
2515
2528
2286
1284
3310
2071
13
96
3920
1916
3938
90
1879
741
3371
282
2659
1171
2194
2160
2844
243
1614
2087
1724
545
25
788
699
2791
2025
2376
1686
3236
14
1253
1627
807
2055
1742
180
1946
2049
246
2157
1436
2093
1850
1476
1799
796
1003
1196
3472
1561
708
3005
1132
260
1722
3067
751
2695
2929
2593
3504
2518
1419
1131
2249
456
3643
285
2971
3148
3928
2996
2606
618
2797
454
3061
3320
845
2872
912
2549
356
3772
3403
965
3976
3333
3076
234
2286
1129
2634
3547
313
1841
3105
164
462
640
2273
3289
1667
1918
3678
1016
3766
1984
483
2266
89
1429
440
1206
554
2511
2658
83
1441
2828
1001
3687
3107
97
3541
1328
2644
1890
2801
1646
553
2224
466
3164
2843
1919
3025
1481
3960
3939
3860
823
3443
215
3531
2608
1276
1673
1237
2751
3050
1925
1539
434
1716
1309
372
1994
2655
1490
128
3580
3729
3489
2577
552
1093
3853
1931
1491
3832
132
3852
3651
2752
593
269
1622
2940
1726
137
3519
901
1732
2069
3103
3588
3537
1165
2300
126
3028
2768
2240
2730
135
2945
1457
1092
345
431
3048
1529
920
2638
3056
1026
3672
1572
1982
2350
2658
1344
2759
2456
924
68
1730
920
3185
3267
1594
2005
2781
2725
368
2712
438
3624
12
1020
1786
1217
925
3745
402
3552
3445
543
2912
3505
1274
952
42
3167
2506
2023
2626
2515
2414
340
3761
506
729
553
160
2532
1438
2207
2403
2217
3308
881
3362
1062
1351
562
2853
1957
3267
27
1660
251
1663
1244
1032
2282
3324
1716
74
3623
2265
220
1605
1590
3277
2301
2226
1937
3647
1506
3873
1704
2629
3912
3110
3010
2744
593
1736
2145
2544
248
2497
3268
289
2592
3986
3493
1906
1125
2087
707
2613
3443
290
1435
2632
1525
3975
1135
1768
1350
1411
1000
2924
900
2906
3032
1381
3746
1708
1144
3184
476
2691
1456
3636
2949
475
2901
735
93
2862
972
760
3999
2811
1485
1536
1942
3410
1187
3307
3503
2847
3727
3252
2537
3633
1452
3330
649
2982
3950
2165
1226
1461
3172
3692
1394
2103
668
2967
3040
3442
197
2676
1730
100
1552
3369
451
1929
3568
3132
928
3176
3136
3122
1979
832
1891
962
2057
1739
1543
1046
1863
3116
2531
1853
3754
2074
3680
3375
3571
937
3635
3199
3745
145
648
2806
3680
2781
1850
977
1855
1299
1951
3929
1791
283
2977
1755
1608
653
2695
804
3318
2939
626
3195
3856
2264
963
859
1913
229
346
2347
95
2614
153
827
2001
965
1095
3773
142
242
1296
2270
3800
3957
169
1056
104
1474
3378
1365
2491
3192
2325
2138
2473
3750
2762
429
3350
1082
2909
2541
1410
2792
455
2861
1755
3187
3384
1332
1074
1627
1143
1780
747
2371
704
1380
2669
189
3724
925
3770
2677
3631
2605
1177
1783
858
3707
3375
3037
224
2425
908
2073
982
1279
3649
444
3892
2729
3919
2080
3128
1199
3322
248
2409
3805
3901
2130
3769
1486
2103
1126
1444
394
3652
2814
533
1369
3238
2754
1576
1699
1090
1663
3466
901
2311
1139
252
1586
616
375
3127
836
1355
3177
585
2109
954
598
2045
2559
2615
928
249
1443
2509
1137
2017
2202
929
3389
953
2910
3143
2701
3783
1684
3185
2221
2135
385
3715
3219
1496
3622
1313
394
3940
2905
2153
1659
3772
2465
2237
2135
3538
2446
2617
516
3584
722
2788
3233
406
3552
1153
3959
1137
3008
2948
286
1991
1451
2306
585
831
2793
1025
1039
220
1573
238
1303
3547
2058
1774
223
1586
2173
524
969
3416
3862
3601
1219
1892
2172
2674
2897
3821
1019
3491
217
2704
165
41
3819
336
3458
14
3115
3032
533
205
636
220
1102
557
2667
1374
197
2154
2773
300
2329
46
2742
742
2565
2335
527
1853
2876
723
3443
311
1633
2558
3406
1007
677
332
51
3994
157
1066
1792
1572
2463
606
2032
3673
1050
3191
2685
735
816
2846
463
800
2673
524
934
2662
2516
1878
320
3263
84
388
1863
832
1541
3135
3962
198
241
2088
598
3288
756
1733
2465
3591
3760
438
3956
55
1102
2278
1314
120
978
1565
3304
2349
153
3410
3891
1581
658
2462
1225
104
2710
2348
1685
1953
357
2252
2995
1722
1950
3430
3411
1678
3419
1516
1165
1367
1191
617
3426
2447
3261
2037
3915
468
350
3274
2017
1733
1678
3569
2024
393
1356
2293
1752
527
1357
1946
1641
2511
499
2662
1434
2607
1199
1533
30
3683
3696
2891
2437
1740
3430
473
1794
2272
56
2499
286
1162
3326
3585
152
3752
156
2657
375
2067
924
3765
3918
1788
263
2664
3850
3025
1439
2796
603
222
2716
3856
892
2001
2721
2253
353
2006
1466
2559
2237
3841
85
177
973
1001
634
1649
837
1393
2056
2019
3636
771
2349
2705
1526
3190
1665
447
3574
3438
96
572
1150
3906
3202
2229
2685
600
3769
1572
1427
2061
2534
3878
2268
1873
1721
267
3894
1390
163
518
1329
138
2873
1219
83
962
615
536
2085
1622
2991
2740
3613
3812
1885
2901
3304
1004
3144
758
1748
2770
2087
3461
1719
2722
1261
754
1824
3086
3586
1187
2008
243
1056
2244
1076
1946
2375
1212
1338
3642
2109
3451
814
3674
198
2800
1912
3444
699
663
2643
2037
2250
2959
1588
3394
3914
1450
3829
2388
2490
957
1981
2180
1109
3703
2062
3617
2291
1519
555
3038
3263
1590
2596
1225
1008
1355
63
2454
2183
2605
3525
1946
484
2539
742
819
933
3608
3210
1285
3165
2074
2773
1151
108
1345
1461
668
1920
1653
1195
3526
2184
2408
3028
2709
1361
3498
3635
1460
3647
1627
1437
3140
3050
1596
2945
2010
1874
3422
1426
2628
608
92
1170
1866
1786
293
1596
687
2947
2609
1870
3990
3469
693
3474
1
763
401
1127
84
760
3622
1329
3448
2446
3813
2265
1788
68
2147
3330
3862
727
3176
490
2247
2291
3783
2072
3293
1070
3752
2473
2642
673
705
3281
2865
1892
3011
3888
185
1477
2672
50
1337
325
3403
611
3547
2255
2120
3886
2686
3893
258
2672
1276
2345
2923
3549
2314
981
2238
2286
670
536
3280
3206
1834
1790
2661
2176
3078
1434
799
3543
268
163
2706
1809
413
1512
2771
169
481
1648
3086
3127
2092
1970
2934
3391
476
2958
3543
723
2590
2823
1127
1637
1872
2782
2587
3372
801
2220
3447
2226
469
699
509
1817
1541
1634
647
1096
3203
1691
2319
1590
762
1474
875
305
1364
1484
86
42
1366
3009
1993
33
3014
1400
297
1097
2541
1422
1146
280
311
2083
1842
1582
2454
2929
3304
2431
2630
1321
1738
190
3596
1132
2926
2375
24
1603
1888
1641
2954
923
2139
207
2033
1504
2483
586
3117
277
2446
1245
758
3598
1779
1796
1014
3114
282
2337
3665
2928
2499
1060
1893
3012
2435
3383
364
134
3801
323
3966
712
2271
3651
2708
2122
1852
739
2279
2132
2902
692
3767
2927
2373
2671
936
800
994
931
102
2754
926
701
3593
1375
3055
1587
947
2379
421
1901
2742
61
2491
2832
84
1130
969
200
3102
3584
1335
978
3997
2652
651
1123
1647
1608
291
1304
105
884
3519
924
476
1104
3829
1487
3954
2148
392
1017
3799
2253
1939
1579
500
1172
3070
3277
3446
3723
2611
3306
1293
2503
3275
3445
3473
2517
3650
86
31
859
1257
564
2497
588
3706
3585
2764
6
1925
1949
259
3852
3561
3208
1721
2139
1663
1895
979
3340
3472
337
1771
37
135
1751
2673
3324
1921
879
1484
2633
1601
2364
30
1926
480
2651
1766
709
1825
2443
607
3919
3235
2682
262
3413
2031
329
1145
1652
1458
1403
1210
2250
2148
735
2163
911
1574
3479
3667
339
1899
2725
2646
2770
2701
1521
2083
150
2560
1369
719
617
1540
2742
2336
308
2356
3622
2348
57
3355
3804
3519
3946
230
1600
922
165
1332
1028
25
685
2379
3588
2637
1605
228
3992
1288
2443
2950
1754
2328
302
3760
2543
1642
3822
3440
2196
3248
111
2865
3879
1853
1177
689
3950
1548
2639
2064
583
3233
1802
3364
238
2247
2770
2346
2532
1273
3928
1719
98
1244
2931
428
2970
3369
2453
3464
2374
105
3465
727
1104
3992
1323
40
285
492
3044
2013
1047
1775
2144
2075
405
232
942
1825
1449
3161
1907
1622
2022
1537
3019
3387
1515
1985
158
2879
2513
2587
3803
1361
557
246
1876
1776
2434
2686
1365
575
742
3817
3362
1076
1423
2132
3692
2895
1338
1324
3343
424
1720
1001
1739
513
3478
1813
2141
91
103
1034
2970
2436
3216
3736
1639
3021
2479
1670
2808
3290
1641
1360
1347
1587
3727
2575
2336
3160
2060
439
2656
1041
1870
346
1158
2787
2030
3529
2662
926
254
3834
3449
243
3118
3685
1690
1251
3514
232
1376
1395
2772
3115
793
2684
1001
1886
3807
1182
2867
1054
1017
1716
3451
2966
2673
1539
1896
1794
205
3597
72
1199
2444
482
3866
3070
3455
2326
406
424
674
2221
2394
828
1782
3602
1617
483
2684
1095
1410
196
1552
3351
3443
1027
2879
1703
2359
1508
198
2636
3259
813
3496
374
233
3530
204
1289
3927
330
1649
2636
3120
2439
3087
2394
3772
1475
2732
502
2734
2029
2039
1820
1258
3299
1988
659
3537
2258
3332
3838
10
3416
865
1937
2063
395
3891
1409
2545
3154
738
1684
3561
3409
1144
984
3325
1858
3298
2000
554
1310
3
968
1396
2492
981
361
807
3280
3069
776
425
373
41
3673
1375
261
233
354
2393
3876
232
2378
3994
1693
197
1520
1927
1444
3922
823
2284
2299
3528
1055
3429
3984
709
719
976
1316
2756
1262
877
2822
1623
1874
1070
701
3138
368
2785
1060
1527
3281
3127
1008
2250
1829
2800
1806
2161
2577
581
3655
698
2596
3858
1925
1033
1672
3998
3087
748
1140
2696
3760
3420
2686
2128
502
1842
2990
1215
3639
2244
2189
884
3150
1467
3932
203
1538
914
1442
300
199
2061
1181
3758
1918
3796
3097
2918
3159
906
2622
2544
1464
1582
163
1112
3701
2221
1665
6
959
1634
3011
420
1434
1804
1433
1613
1893
970
1516
307
2654
2773
972
1837
606
410
357
3835
2176
2514
1007
376
1024
1600
3300
1467
3198
807
1357
682
3937
3270
3094
3675
600
497
3488
424
3900
2700
2069
463
1905
710
2838
1635
779
3056
3568
434
3534
3449
2893
1684
397
3623
1766
525
2164
980
1238
1759
2881
2499
3050
3343
3597
3837
2357
881
3625
2380
1440
2067
3939
372
2814
3300
1608
2953
3326
1375
675
1009
2522
760
1860
1654
3084
1249
3516
104
2143
2489
3588
1293
3619
594
2013
3750
1307
3069
3282
3551
2257
3349
1657
1586
2954
2820
2649
3194
3091
3766
3174
1999
3162
2328
807
3522
3226
2284
3161
950
1102
2380
2476
3513
3846
409
2091
3006
1975
127
3641
1113
3789
3238
1847
1878
2748
2520
1090
886
1684
3850
2137
934
3091
1513
188
2270
1588
610
3439
3955
2277
3021
3518
2618
1238
1495
155
538
2669
2347
1124
3756
1367
1949
1599
3410
1177
3251
647
1841
1732
3791
2752
3276
3783
285
517
3614
3967
1334
2340
2932
2633
3439
3263
37
3127
3201
2803
3502
3425
1621
309
78
243
556
2488
411
1669
3976
1579
1184
1288
3771
2048
2900
1883
1066
3528
695
3805
3389
3257
2795
2366
2246
2481
2573
3534
1739
372
3567
3767
2290
2418
3379
1222
3848
772
3878
995
333
1428
1430
1155
1600
3196
3057
2323
3523
2695
3964
3317
3882
1940
3341
1351
2374
2970
1510
766
2344
965
527
2514
820
3453
2254
1427
1348
71
2885
3545
117
37
2376
3513
3539
793
3001
51
1692
3752
1538
296
947
1625
3374
2825
2115
1436
1957
1579
2733
3143
2979
183
2001
3132
3763
1086
2677
774
3757
1993
693
3650
1161
1070
1671
2459
1854
542
1001
1838
3388
2684
3722
3244
546
968
3825
317
2461
1017
270
3649
1022
2954
2427
3121
1335
1803
1199
3557
1970
1368
2143
1071
493
3398
849
1285
2965
1402
2558
2876
3774
468
1763
879
2013
1608
2341
3551
1219
2221
3614
629
1430
3470
520
898
3117
607
5
1287
3079
202
3177
1937
1289
614
3845
3900
3987
3337
1936
1944
797
1108
531
2409
2451
3757
3282
2472
2090
2858
2418
935
382
1097
2412
82
1194
1020
2892
1041
2978
610
3942
362
1936
2481
1238
2915
3082
2095
1682
3749
3020
3233
1486
1628
1592
3098
2027
3706
2726
2228
3742
3996
3721
989
953
1797
2656
969
3320
3206
3414
2885
1482
3871
567
2860
3865
2398
2383
370
568
1382
864
1501
2728
1100
3711
1364
102
1307
3340
3344
2293
3991
3245
2287
2948
2526
2598
3111
252
2347
2006
759
3049
756
305
2873
3074
2195
1110
2900
918
961
2476
1167
244
126
2750
607
2103
1966
1232
865
1260
957
3932
2531
1506
2627
1198
3900
2797
3395
1176
1308
631
493
114
478
2468
99
1586
603
2080
185
3077
728
1351
1205
3975
63
2288
3734
772
3883
3671
658
2379
3068
2854
631
492
2123
671
3475
3694
2712
2408
2574
3087
863
756
1589
2681
3656
2570
3954
669
2878
1332
566
2223
1911
294
3609
1150
2450
3881
3161
878
3520
739
1982
3476
408
3109
1886
3725
2990
3185
412
1628
670
3269
3402
382
802
3304
3792
1579
3780
1328
2821
3147
1037
3214
2138
402
2011
1239
3702
3770
3473
1999
2140
1947
2792
308
425
3786
1315
805
1529
2315
3169
2701
1385
148
1356
2671
2327
2816
750
239
2757
2221
163
2331
2077
2611
3465
1397
1198
833
1108
3838
3765
2677
3614
608
215
2967
1115
2135
2122
1426
1003
510
1236
2513
3433
1522
523
1106
1216
2597
315
2986
3454
1985
1830
2101
192
278
1989
1559
1644
3330
1453
1620
3998
2556
173
1417
346
445
500
3781
3776
2956
1295
1991
3134
1413
2192
149
3487
2917
